  -7.0956807e-02  -3.2676578e-02   1.4104325e-02  -8.3985106e-15   3.3760414e-02  -4.3243682e-03   7.2489369e-15  -1.5555505e-02  -1.2855481e-02  -4.1959839e-04  -1.0378027e-02   3.8986544e-16   6.0322127e-03  -3.1200814e-17  -4.5030369e-17   1.2586079e-15   5.3284676e-17   2.4603992e-02  -1.5057194e-03  -4.0781859e-03  -1.8725026e-02  -5.6193730e-03  -1.4066567e-16   1.4780227e-18   5.7016279e-18  -1.0612426e-17  -9.4038339e-15   1.9043756e-02   3.9070922e-04  -1.5547811e-03
  -3.4644967e-02  -9.9124522e-02  -5.7923837e-03   1.2477704e-14  -4.7530461e-02  -2.1445661e-02   4.5811452e-14  -1.0037126e-01   2.3247719e-02  -4.5018821e-04  -1.3274279e-02   5.3447929e-16   7.3065171e-03   1.0207810e-16   7.4587405e-17   1.0646326e-15  -3.3437354e-17  -3.5676595e-02   1.5209141e-04  -2.6200479e-04   3.1502567e-02   1.5532758e-02   8.2101210e-17   6.1679057e-18   1.9660199e-17  -8.2399365e-18   9.5903224e-15  -1.9105116e-02   8.9500804e-04  -1.6859569e-05
   6.7189948e-03  -5.5494732e-02   9.3413535e-03   1.3461729e-14  -5.2933053e-02   3.3514366e-02  -4.0487210e-14   8.6789226e-02   8.0471100e-02  -2.1379512e-03   1.0372675e-02  -1.1605656e-15  -3.4229211e-04   7.8794176e-17   7.5947077e-17  -1.7528633e-15   6.3640940e-19  -7.5413070e-03  -2.0387231e-02  -2.9235977e-02   3.3115055e-03   3.2791347e-02   3.4972025e-16  -1.4528309e-17   1.5612511e-17  -1.7433971e-17   3.4501048e-15  -7.0829080e-03  -4.6560129e-03  -9.7700666e-03
  -4.3458105e-02  -1.1152899e-01   1.3978826e-02   1.7848388e-14  -6.8136145e-02  -4.0729669e-02  -4.2960449e-14   9.4838473e-02  -1.0951317e-01  -3.3100007e-04   3.0770104e-02  -2.2635541e-16  -3.2264284e-02   1.3690124e-17  -1.8950848e-18  -3.1647929e-15  -1.7937530e-17   1.2322499e-03  -5.0998463e-03   3.0744048e-02   1.2722787e-02  -1.3227180e-02  -2.2614650e-16  -9.5409791e-18  -2.0238441e-17   3.1947824e-17   1.6644672e-15  -4.0998585e-03  -1.2967197e-04   1.3171835e-03
  -1.4384512e-01   1.1268926e-01  -1.2540361e-02   2.7819328e-15  -1.2165415e-02  -1.1242815e-03   5.4601066e-03  -8.6657070e-03  -1.7530294e-02  -1.1963070e-04  -2.9803066e-02  -1.7937547e-15   1.7813183e-03   9.8418873e-17  -3.0608826e-16  -5.0053076e-16  -2.9406912e-17   1.9635951e-01  -4.5537671e-04  -1.4821948e-01  -5.8851811e-03   1.4264907e-02   1.1021276e-15   9.4686990e-18  -1.9660199e-17   2.3997008e-17   1.5839905e-14  -3.4624223e-02   1.3536659e-04   2.6061733e-03
  -1.5845301e-01   1.5479560e-01  -2.3194329e-02   9.2453027e-15  -3.8042927e-02   3.6641232e-03  -3.5820312e-02   1.3115894e-02   1.2564755e-02  -1.0981556e-04   1.4136524e-02   5.7891268e-16   1.6616217e-03  -1.5889684e-16   8.0846912e-17  -1.9642279e-17  -1.4174314e-16  -6.9061690e-02  -4.2994884e-04   4.4865595e-02  -5.6808039e-03  -1.8390781e-03  -2.4286129e-17  -1.3308582e-17   5.6378513e-18  -3.5290781e-17  -8.5782076e-16   2.8124055e-03   1.4164859e-04  -1.7943918e-04
  -1.5845301e-01   1.5479560e-01  -2.3194329e-02   9.1213424e-15  -3.8042927e-02   3.6641232e-03   3.5820312e-02   1.3115894e-02   1.2564755e-02  -1.0981556e-04   1.4136524e-02   4.7990067e-16   1.6616217e-03   2.6440429e-16   1.4756392e-16  -2.9745576e-17   1.9994234e-16  -6.9061690e-02  -4.2994884e-04   4.4865595e-02  -5.6808039e-03  -1.8390781e-03  -2.9143354e-16   4.7433845e-18  -4.3368087e-18   3.5941302e-17  -1.0989473e-15   2.8124055e-03   1.4164859e-04  -1.7943918e-04
  -4.0996193e-02  -1.0793524e-01   1.3438763e-02   1.7799812e-14  -6.8399376e-02  -2.3607758e-02  -2.4881413e-14   5.4302358e-02  -2.1382582e-02  -4.5880555e-04   2.2738160e-02   7.5138866e-16  -3.8525715e-03  -8.7979758e-17  -3.7759644e-17  -9.3841361e-16   6.6039918e-17  -2.6503338e-02  -3.9219012e-03  -3.6301895e-03   5.1259838e-03   1.1445827e-01   4.7934746e-15   2.9381879e-17   6.9388939e-17  -2.6454533e-17   4.8648802e-14  -1.1711738e-01  -5.3625043e-04  -2.1052418e-01
   2.5247330e-02  -1.9181186e-02  -5.5650526e-02   2.6941123e-16  -2.2256782e-03   7.8953602e-02   9.8450036e-15  -2.3270924e-02   7.6207235e-02  -1.2555916e-03   1.6091724e-01   1.5858978e-15   6.3255711e-04  -2.3014682e-16  -2.4030830e-16  -1.3561563e-14  -1.7808125e-16   9.3516686e-02  -2.9276681e-04   6.0681282e-02  -4.9704233e-04  -2.5775616e-02  -4.6629367e-16  -3.8857806e-17  -1.0408341e-17   4.0896106e-17  -9.7803710e-15   1.7600886e-02  -2.3652540e-03   3.7197997e-04
   4.0643097e-02  -2.6966942e-02  -3.0294667e-02   1.1708420e-14  -4.7294375e-02   5.1888934e-02  -7.8480341e-14   1.6806084e-01   2.1319862e-01  -1.5162215e-03  -6.0072576e-02  -6.3644092e-15  -7.0709577e-04   8.1525682e-17   7.6252257e-17   1.3747677e-15  -1.0523910e-16  -5.2127759e-02   2.2058342e-03  -1.4979226e-01   8.0019693e-04  -5.0107349e-02  -5.3151927e-15   3.4694470e-17  -3.1225023e-17  -7.8929918e-17  -1.2246627e-13   2.5773199e-01   8.0799203e-03  -1.7972030e-02
  -1.4384512e-01   1.1268926e-01  -1.2540361e-02   2.8792671e-15  -1.2165415e-02  -1.1242815e-03  -5.4601066e-03  -8.6657070e-03  -1.7530294e-02  -1.1963070e-04  -2.9803066e-02  -1.6684291e-15   1.7813183e-03  -4.2981548e-16  -2.3742064e-16  -7.7009416e-16  -3.1404057e-16   1.9635951e-01  -4.5537671e-04  -1.4821948e-01  -5.8851811e-03   1.4264907e-02   1.4143056e-15  -6.2883726e-18   2.4286129e-17  -6.9678060e-17   1.5976008e-14  -3.4624223e-02   1.3536659e-04   2.6061733e-03
  -9.4719874e-02  -7.3869796e-02   5.7509730e-02  -6.8504439e-02   3.7682396e-01   2.7007104e-02  -2.9091863e-14   6.3749769e-02   3.5589260e-02  -2.0917448e-04   2.3806292e-02  -3.2631222e-16   3.1365392e-03   1.4040669e-16   1.4684250e-16  -1.8649521e-15  -4.6137054e-18  -5.0067886e-02  -8.0597017e-04   7.8570875e-03  -1.0512244e-02   8.4629775e-03   5.2735594e-16   1.5612511e-17  -4.1633363e-17  -2.7755576e-17   1.3107571e-14  -2.6117224e-02   2.4960046e-04   2.0733639e-03
  -6.5486141e-02  -1.0516176e-01   2.3763970e-02   1.0097976e-14  -3.7533771e-02  -6.3630146e-02  -5.8568274e-14   1.3127355e-01  -2.5306200e-01  -2.7305845e-04   5.2982364e-02   7.4818776e-15   8.1902693e-03  -6.8098556e-17  -1.6676409e-16  -1.5975192e-15  -2.2110801e-16   7.3285591e-02  -9.1781597e-04   8.9143678e-02  -6.3589243e-03  -1.3808830e-01  -4.9994731e-15  -2.4286129e-17  -4.7704896e-17  -3.1225023e-17  -1.1865335e-13   2.4101138e-01   1.1918815e-04  -4.6850728e-03
  -1.8540922e-02  -8.1690267e-02  -4.1958501e-03   1.3700707e-14  -5.2396611e-02  -1.8622547e-02  -2.3063844e-14   5.0558684e-02  -7.6683804e-03  -9.0650448e-04  -1.3792927e-02  -4.3892599e-16  -3.0996403e-03   1.7850576e-17   5.4654295e-17   7.5038955e-16   4.8123826e-17  -3.1196982e-02  -2.4079827e-03  -1.3282081e-02   4.1382831e-03  -2.6755519e-02  -6.5156214e-16  -4.5796700e-17  -2.9837244e-17   1.2177759e-16   7.0803693e-14  -1.2653443e-01   2.6186277e-03   2.2839761e-01
   7.8985629e-02   3.5415223e-02  -9.7479586e-02  -7.5346327e-15   2.8014220e-02   6.2171061e-02   2.7460995e-15  -4.3097462e-03  -9.5375860e-02  -1.8242663e-03  -4.1960295e-02   1.0423955e-15  -2.6928736e-04   9.4370313e-04   3.7725195e-04   2.6049102e-03   1.5061465e-03  -4.4275312e-02   4.1931332e-03  -3.9351244e-02   1.7978748e-04   2.5773467e-02   2.0715727e-01   2.4907831e-01   2.6179921e-01   1.6277884e-01  -1.8575419e-14  -1.7576152e-03  -1.7392642e-03  -4.6534801e-03
   7.8985629e-02   3.5415223e-02  -9.7479586e-02  -7.6283031e-15   2.8014220e-02   6.2171061e-02   2.6345334e-15  -4.3097462e-03  -9.5375860e-02  -1.8242663e-03  -4.1960295e-02   4.2564630e-16  -2.6928736e-04  -2.2143690e-03  -2.2332238e-03   3.2903874e-04  -2.9655395e-04  -4.4275312e-02   4.1931332e-03  -3.9351244e-02   1.7978748e-04   2.5773467e-02  -6.3695000e-02  -1.9971180e-01   2.4305403e-01  -3.1140455e-01   7.3552275e-15  -1.7576152e-03  -1.7392642e-03  -4.6534801e-03
  -1.7880528e-01   2.0772940e-01  -3.5500654e-02   1.6009546e-14  -6.5587462e-02   7.9530786e-03  -1.4571677e-14   3.1220933e-02   3.4629165e-02  -8.1578722e-05   4.3363964e-02   1.6857992e-15   1.2653683e-03   2.4302288e-16   3.5841358e-16   4.5753727e-17   3.8857683e-17  -2.3139272e-01  -3.3297389e-04   1.5759792e-01  -4.5207904e-03  -8.6873343e-03  -9.9920072e-16   1.2143064e-17  -6.9388939e-18  -3.1225023e-17  -6.3525574e-15   1.5759889e-02   1.2100878e-04  -1.0692074e-03
  -6.0932207e-02  -9.6441047e-02   6.9114857e-03   4.6861418e-15  -1.5466029e-02  -3.8023403e-02   9.1856383e-14  -2.0014998e-01   2.4491557e-02  -2.5107341e-04  -6.6546771e-02  -5.5222500e-03   2.0791194e-03   2.5051708e-17   3.6265604e-17   6.4963147e-15   1.6258528e-16  -4.1272381e-02  -7.1896610e-04  -1.6793878e-02  -1.2482067e-03   1.3204915e-01   3.1682990e-14  -2.6020852e-16   1.6089560e-16  -1.8694356e-16   3.5351026e-01   1.4214845e-01   3.6820717e-04   5.2013786e-02
   7.8985629e-02   3.5415223e-02  -9.7479586e-02  -7.5415680e-15   2.8014220e-02   6.2171061e-02   2.6623070e-15  -4.3097462e-03  -9.5375860e-02  -1.8242663e-03  -4.1960295e-02   5.1497291e-16  -2.6928736e-04  -1.1935212e-04   1.6596081e-03   3.8321037e-04  -2.6779722e-03  -4.4275312e-02   4.1931332e-03  -3.9351244e-02   1.7978748e-04   2.5773467e-02   2.9084846e-02  -3.2419954e-01  -8.8164327e-02   2.9371022e-01  -1.7416624e-15  -1.7576152e-03  -1.7392642e-03  -4.6534801e-03
  -1.6374708e-02  -5.5462942e-02  -2.1154850e-02   1.6183375e-15  -4.9107586e-03  -2.4694481e-02   5.7625802e-14  -1.2610796e-01   3.4771799e-02  -1.0614193e-03  -1.0812617e-01  -2.0344968e-15   2.4144514e-03   1.4716941e-16   1.5019775e-16   6.4609327e-15   1.9498928e-16  -4.5554289e-02   1.0650227e-03  -3.1891673e-02   3.5737370e-03  -3.0128112e-01   4.2119086e-15  -3.4578821e-16  -7.3255927e-17   1.8789224e-16   2.0733415e-14  -7.4167516e-02   5.4164147e-03  -1.2277344e-01
   7.8985629e-02   3.5415223e-02  -9.7479586e-02  -7.6317667e-15   2.8014220e-02   6.2171061e-02   2.4700480e-15  -4.3097462e-03  -9.5375860e-02  -1.8242663e-03  -4.1960295e-02  -1.4582912e-16  -2.6928736e-04  -1.0129629e-03   1.6320456e-03  -1.8405334e-03   1.7348485e-03  -4.4275312e-02   4.1931332e-03  -3.9351244e-02   1.7978748e-04   2.5773467e-02  -3.9228338e-01   1.8836081e-01  -9.0476879e-02   4.9374105e-02   4.0523140e-14  -1.7576152e-03  -1.7392642e-03  -4.6534801e-03
  -6.0932207e-02  -9.6441047e-02   6.9114857e-03   4.4224421e-15  -1.5466029e-02  -3.8023403e-02   9.1492640e-14  -2.0014998e-01   2.4491557e-02  -2.5107341e-04  -6.6546771e-02   5.5222500e-03   2.0791194e-03   5.7256569e-17   8.1814309e-17   5.5496106e-15   7.6637898e-17  -4.1272381e-02  -7.1896610e-04  -1.6793878e-02  -1.2482067e-03   1.3204915e-01  -3.9149239e-14   7.9103391e-16  -1.1535911e-16  -4.4560709e-17  -3.5351026e-01   1.4214845e-01   3.6820717e-04   5.2013786e-02
   7.8985629e-02   3.5415223e-02  -9.7479586e-02  -7.5554489e-15   2.8014220e-02   6.2171061e-02   2.7586998e-15  -4.3097462e-03  -9.5375860e-02  -1.8242663e-03  -4.1960295e-02   6.4667428e-16  -2.6928736e-04   2.4029809e-03  -1.4356819e-03  -1.4766259e-03  -2.6646885e-04  -4.4275312e-02   4.1931332e-03  -3.9351244e-02   1.7978748e-04   2.5773467e-02   2.1973626e-01   8.6472225e-02  -3.2621203e-01  -1.9445861e-01  -1.9852175e-14  -1.7576152e-03  -1.7392642e-03  -4.6534801e-03
   8.5480494e-02   6.1087140e-02   7.0390589e-02  -2.5352184e-15   1.0478697e-02  -1.0167570e-01   6.4122556e-15  -1.3316101e-02  -9.9131123e-03   7.3519250e-03   7.8745190e-02   4.8710113e-16  -6.3531944e-05  -1.5055306e-16   2.1121467e-17  -7.3823600e-15  -4.5054960e-17  -3.3780460e-02   1.3026839e-03  -6.2686912e-02   2.6223637e-05   1.4217023e-02   1.2810933e-16  -4.5796700e-17  -4.3124141e-17   9.6155180e-18   9.2807706e-16  -3.2723360e-03  -1.0024757e-03  -7.3724175e-03
   7.6891079e-02   6.8008752e-02   2.4746676e-01   5.6230052e-15  -2.1862436e-02   3.5206979e-02   1.9986672e-14  -4.3372385e-02  -2.9936519e-02   8.3447378e-04   3.4199046e-02   5.0605632e-16   5.4006893e-05   3.4899270e-18   5.8210041e-17  -2.8616002e-15  -7.9315357e-17  -1.7044220e-02  -3.7968056e-05  -1.6724341e-02  -2.2097595e-04  -2.3424036e-02  -1.7173762e-16  -4.6837534e-17  -4.3946328e-17  -4.4380009e-17  -1.5820678e-15   4.5834050e-03  -1.8456384e-03   8.0664728e-03
   8.1696325e-02   7.6248459e-02   2.3238134e-01   2.4199103e-15  -8.9758812e-03   2.3354510e-03   2.8154380e-14  -6.0234839e-02  -5.4462144e-02   1.4909375e-03   2.7888067e-02   1.6721069e-15   5.9975719e-05   2.3243115e-17   8.7680772e-18  -1.8857512e-15  -2.2253666e-16   3.0424278e-03   1.5615681e-04   2.2953992e-02  -2.2833284e-04   2.1422496e-04  -8.2572837e-16  -2.6599093e-17  -3.4107193e-17  -7.0994914e-17  -2.4332388e-15   7.1328500e-03   2.9547382e-03  -9.7609321e-05
   8.8481180e-02   5.5708543e-02  -7.5238911e-02  -1.1254346e-14   4.6025201e-02  -3.1054218e-01  -1.7589371e-14   3.7058722e-02   9.0121562e-02  -1.7962333e-02  -5.6829113e-02  -1.1757166e-15  -3.3642866e-04  -1.7941071e-17  -1.1026197e-16   6.0329497e-15  -1.2697891e-16   7.8766252e-02   3.9333791e-03   1.1017146e-01   1.9021608e-04   9.4098443e-03   1.4224733e-16   2.7755576e-17   1.7347235e-17  -7.7195195e-17   1.6653345e-16   1.6929245e-03   1.0741894e-02   1.9188556e-03
   6.7758082e-02   3.5048880e-02   1.2344557e-01   6.6715753e-15  -2.6204681e-02  -1.9199454e-02  -1.0920253e-14   2.3042493e-02   3.9911990e-02   6.6300106e-04   9.1305252e-02  -1.5424231e-15  -8.2366097e-05  -1.3868645e-17   1.2424532e-16  -9.5846819e-15  -1.1708952e-16  -7.1841620e-02  -1.2767103e-03  -1.3541460e-01   2.8011777e-04  -2.5461076e-02   6.5138867e-16   7.1557343e-18   1.2143064e-17   3.3718688e-17   1.6289053e-15  -6.8128484e-03  -2.5380619e-05   5.2566757e-03
   4.7865038e-02   1.9015641e-03   5.3481880e-02   7.8263643e-15  -3.1771711e-02   9.7079839e-02  -3.9808830e-14   8.4740651e-02   1.0207798e-01  -1.3093712e-03  -1.8753891e-01  -2.0181918e-15  -7.3189584e-05  -1.2948054e-17  -1.3770601e-16   1.6994537e-14   2.3229249e-16   8.3877730e-02  -2.4124898e-03   1.4733360e-01   3.8032112e-04   3.7818818e-02   1.5600946e-15   8.7892656e-17   6.7075974e-17   5.7824116e-19   1.2986140e-14  -2.8846469e-02   3.6657949e-03  -7.5639046e-03
   8.8706762e-02   5.7682991e-02  -4.7081557e-02  -9.5501498e-15   3.8975261e-02  -2.3337364e-01  -7.1727859e-15   1.6339902e-02   3.8352437e-02   4.9258489e-02   1.9671538e-03   1.0925299e-15   1.5381827e-04   3.8790756e-17  -1.1953646e-17   1.7258362e-15   1.2314914e-16   3.8221963e-02   4.9557736e-04   4.7915634e-02  -8.6968333e-07   3.5344460e-02   1.4918622e-16   1.3877788e-17  -3.4694470e-18  -1.3660947e-17   1.6445179e-15  -2.4371264e-03  -7.6097925e-03  -9.5000449e-03
   3.5903542e-02  -2.5614974e-02  -7.3098368e-02   2.7271496e-15  -1.1616668e-02   6.9388514e-02   4.5311920e-14  -1.0041829e-01   6.2843232e-02  -1.2488201e-03   1.6948369e-01   2.1806913e-15   1.0180682e-03  -2.0904757e-16  -1.3327582e-16  -1.3782009e-14  -4.8657452e-16   7.1203631e-02   2.0745137e-03   8.5505259e-02   4.5682515e-03  -3.5676386e-02  -6.1062266e-16  -1.0061396e-16  -1.3010426e-18   2.8243467e-17   4.2049697e-15  -9.4461164e-03  -2.1471631e-03   1.0759484e-02
   5.3494751e-02   3.8968752e-02   1.2482592e-01   5.9614843e-16  -2.6960389e-03   6.8348169e-02   7.3566079e-15  -1.5887082e-02  -1.6749205e-02  -3.5987673e-04  -8.9529518e-02   5.3637299e-16   3.2888598e-04   1.6719626e-17  -8.7693242e-17   8.9132063e-15   1.9213780e-16   5.5097975e-02   5.4814150e-04   1.0045776e-01  -1.1577632e-03   1.0528254e-02  -5.4426949e-17   4.6259293e-17   3.9031278e-18   3.3718688e-17  -2.1973164e-16   2.0180019e-03   5.1301568e-04  -1.0825866e-03
   7.1618765e-02   2.8963449e-02  -6.6228414e-02  -5.2118657e-15   1.8939443e-02   3.9824669e-02   5.6440363e-15  -1.1508099e-02  -5.1541364e-02  -2.3707684e-03   1.7421410e-02   8.1394124e-16  -5.1088844e-04   9.0409820e-17   6.8387107e-17  -1.0415171e-15   3.8064623e-17  -4.6756069e-03   9.0943007e-03  -1.8843410e-03   2.1344292e-04   3.7549120e-02  -9.2663146e-17   1.3010426e-17   1.1853944e-17   7.5081000e-18   2.0579603e-15  -2.8725076e-03  -3.8419058e-02  -1.0328779e-02
   6.4021178e-02   1.9438217e-02  -4.4868168e-02  -2.2296466e-15   7.8648476e-03   1.1959800e-03  -4.2954957e-15   9.2246044e-03   1.1742076e-02  -5.4213681e-03  -3.1618889e-02  -1.0298007e-15  -5.7503657e-04  -5.2130769e-17  -3.8772225e-17   2.1738048e-15  -3.8348554e-17  -6.9550185e-03   7.5314705e-03  -7.1307206e-03   3.9825703e-04  -3.6786044e-02   1.7831937e-17   5.1021279e-19   1.5918639e-17   3.5785049e-17  -1.8909506e-15   2.9690572e-03   2.8228798e-02   1.0739582e-02
