  -1.8616272e-02   2.1289317e-02  -1.1107509e-02  -4.7887466e-03   4.2917425e-03  -1.4124213e-02   1.6338699e-02   2.9822070e-03  -4.1064010e-03   3.6732324e-03  -6.1697182e-03   1.8024942e-02   3.6654189e-17  -1.1660735e-17   9.1197018e-17   1.7267944e-16  -9.9668969e-17  -1.7702714e-16   5.3474186e-17   2.2456159e-02   1.3597401e-02  -2.1741938e-02  -2.0867448e-02  -1.9465279e-03   1.3200881e-02  -1.2300658e-02  -1.9061890e-04   2.8178234e-02   3.1949133e-16   9.5798893e-04
  -1.9956701e-02   1.1952444e-02  -3.7252637e-02  -2.0188654e-03   9.1898616e-03  -2.9249603e-02  -3.6008925e-02   2.0666008e-03  -2.0375348e-03  -1.1356706e-02   1.1602189e-02  -1.4809237e-02  -1.2427978e-17   2.2001987e-17  -2.9936988e-17  -1.3768544e-16   1.5172620e-16   2.0064015e-16  -4.4103609e-17  -2.0250273e-02  -1.7812898e-02   1.0837250e-02   9.0057217e-03   5.2464950e-03  -2.7418327e-02   4.1428580e-02  -3.8008046e-03   3.8066462e-02   3.7577026e-16   3.0436339e-03
  -2.0447684e-02   2.9633557e-04  -2.1414687e-02  -5.3867811e-03  -1.6730931e-02   4.0664224e-02  -1.0141350e-02   2.6143991e-02   1.6747591e-02   1.6034493e-03   2.1001610e-02   7.3235965e-03   3.6872715e-17   1.9393110e-17   4.0801065e-17   3.9688055e-17   1.1027201e-17  -1.5612797e-17  -1.4856866e-17   1.4910479e-02  -1.9573282e-02   2.1583283e-02  -2.2628550e-02   1.5318020e-02  -3.1400186e-03  -3.2001141e-03   3.9119416e-02  -7.2217856e-03  -3.9978265e-16  -2.9899179e-02
  -1.9836342e-02   1.4584090e-02  -4.0869382e-02  -9.1522799e-03   1.4191823e-02   3.4335683e-02   2.9840855e-02  -4.7892268e-02  -3.6390609e-03   6.6100084e-03  -7.4078413e-03  -1.4025150e-02  -9.4946315e-17   5.2990254e-17  -1.8503876e-16  -2.3193865e-16   1.0195296e-16   1.9809875e-16  -2.9211634e-18  -1.6935002e-02  -4.9598670e-03   1.4149328e-02   4.8327132e-02   2.1194442e-02   7.2258958e-02  -2.3483044e-02   2.6759866e-03   7.9074047e-03   2.2216009e-16   2.2051729e-03
  -1.9028922e-02   4.6960164e-02   3.1748455e-02   3.3869983e-03   3.3390154e-03  -2.0449901e-02   7.8023206e-02   5.2725381e-02   3.4845939e-02  -1.0006599e-02   9.1263972e-03  -2.0317473e-02  -2.4307080e-02  -1.9318548e-02  -3.2177093e-03  -3.5116294e-02   3.4853375e-02   3.1199826e-02  -1.5589933e-02  -1.8903391e-02  -1.0075039e-02   1.4494340e-02   1.5018626e-02   2.0143580e-03  -2.0864143e-02  -2.2569640e-02  -3.1735887e-06  -3.8597571e-03  -1.1785113e-01  -1.8810552e-04
  -1.9104742e-02   5.3112720e-02   4.7091085e-02   7.6234997e-03  -3.7520668e-03   1.3560972e-02  -2.7879354e-02  -1.4619135e-02  -6.8794546e-03   1.0577855e-03  -2.7346587e-04   8.0688377e-05   2.4307080e-02   1.9318548e-02   3.2177093e-03   3.5116294e-02  -3.4853375e-02  -3.1199826e-02   1.5589933e-02   2.6123447e-04   6.1092643e-04  -3.6270214e-03  -9.3019265e-03  -2.4429285e-03   3.3501568e-02   6.5026506e-02   1.9852459e-04  -1.7998312e-02  -8.8388348e-02  -4.2458546e-04
  -1.9104742e-02   5.3112720e-02   4.7091085e-02   7.6234997e-03  -3.7520668e-03   1.3560972e-02  -2.7879354e-02  -1.4619135e-02  -6.8794546e-03   1.0577855e-03  -2.7346587e-04   8.0688377e-05  -2.4307080e-02  -1.9318548e-02  -3.2177093e-03  -3.5116294e-02   3.4853375e-02   3.1199826e-02  -1.5589933e-02   2.6123447e-04   6.1092643e-04  -3.6270214e-03  -9.3019265e-03  -2.4429285e-03   3.3501568e-02   6.5026506e-02   1.9852459e-04  -1.7998312e-02   8.8388348e-02  -4.2458546e-04
  -1.9831261e-02   1.3965380e-02  -3.8897212e-02  -8.7155296e-03   7.0649790e-03   2.3083783e-02   2.5770746e-05  -1.6071776e-02   7.6284675e-03   7.5394553e-04   4.8535381e-02  -2.4015150e-02   6.4260859e-03   5.3977985e-02  -3.1427811e-03  -2.2133890e-02   3.3884200e-03   1.0176826e-03   3.1657081e-02  -6.7417201e-04   5.2556893e-02  -2.4819101e-02  -1.0287143e-02  -2.5324157e-02  -3.3249255e-02  -1.3722909e-03  -1.9014964e-02  -3.0656015e-02  -1.0389706e-16   9.6800491e-03
  -2.0588878e-02  -5.8192657e-03  -7.0250607e-03   1.8092946e-02  -3.1583987e-02  -5.3470508e-03  -1.2565711e-02   1.2819284e-02   4.4296141e-02   7.5867306e-02  -2.4096183e-02   1.1553813e-02   6.0583004e-18  -8.2210307e-17   1.1901377e-16   1.9994002e-16  -1.3094910e-16  -2.0242334e-16  -2.1924428e-17   3.3390721e-02   2.4425690e-02   4.3841133e-02   5.1318047e-02  -8.5792340e-03  -1.7587697e-02   2.4060666e-02  -1.8170545e-02   4.6231103e-03   1.0838437e-16   1.0871367e-02
  -2.0930678e-02  -1.0117921e-02  -1.0172192e-02   9.7052821e-03  -2.2514774e-02   6.4903761e-02  -1.9539040e-02   7.4163350e-02   5.8106976e-03  -3.9350086e-02  -1.5055388e-02   3.7215662e-02  -1.4249770e-03   8.7721773e-03  -3.6374722e-02  -6.9516061e-02   5.0663663e-02   5.4617737e-02   2.0341101e-02  -3.0907174e-02  -1.6340639e-02  -4.9190162e-02   2.4479094e-02  -1.5806923e-02   8.1679846e-03   1.4013435e-03  -5.5305972e-02   1.4911725e-02   5.4130829e-16   3.1837767e-02
  -1.9028922e-02   4.6960164e-02   3.1748455e-02   3.3869983e-03   3.3390154e-03  -2.0449901e-02   7.8023206e-02   5.2725381e-02   3.4845939e-02  -1.0006599e-02   9.1263972e-03  -2.0317473e-02   2.4307080e-02   1.9318548e-02   3.2177093e-03   3.5116294e-02  -3.4853375e-02  -3.1199826e-02   1.5589933e-02  -1.8903391e-02  -1.0075039e-02   1.4494340e-02   1.5018626e-02   2.0143580e-03  -2.0864143e-02  -2.2569640e-02  -3.1735887e-06  -3.8597571e-03   1.1785113e-01  -1.8810552e-04
  -1.8726766e-02   2.4713209e-02  -1.5619475e-02  -7.8206965e-03   1.1083786e-02  -4.1236874e-02   5.7524762e-02   1.1480452e-02  -1.7991312e-02   2.0901904e-02  -6.2955082e-02   4.9671886e-01  -2.1066648e-01   6.5782068e-02  -2.8801911e-01  -1.3264714e-01  -4.4357630e-01  -3.0719208e-01  -2.4929534e-02  -3.3389926e-01  -9.9432466e-02   8.6936848e-02   6.2056417e-02   4.9526421e-03  -3.1978691e-02   2.7618335e-02   3.8351640e-04  -5.1625776e-02  -9.3016933e-16  -1.5656306e-03
  -1.9340422e-02   2.0821405e-02  -3.6545175e-02  -1.1383828e-02   2.3867681e-02   2.9504575e-02   8.1293740e-02  -8.6443997e-02  -1.6967536e-02   2.9257516e-02  -6.9271913e-02   5.5111754e-02  -1.1844260e-16  -4.0356409e-17   5.0588201e-17   2.0137534e-16  -6.1671970e-16  -6.9660046e-16   1.1054010e-16  -4.1046877e-02  -3.1581452e-02   1.5179823e-02  -4.0830330e-02  -2.4486685e-02  -1.0351179e-01   4.0172090e-02  -2.5002223e-03  -3.3056527e-02  -6.6969041e-16  -2.5847600e-03
  -2.0123470e-02   7.0563371e-03  -2.9163943e-02  -1.3308367e-03   5.2878810e-03   2.0683980e-02  -6.5393160e-04  -3.3211212e-03  -6.2481395e-03  -1.6961709e-02  -1.0053444e-02  -4.4689574e-02  -6.4260859e-03  -5.3977985e-02   3.1427811e-03   2.2133890e-02  -3.3884200e-03  -1.0176826e-03  -3.1657081e-02   3.1438393e-02   6.8829111e-03  -2.2270855e-02  -1.1896807e-02  -1.8787224e-02  -2.4853528e-02  -1.9743213e-03  -2.1593069e-02  -2.1206351e-02  -9.9853984e-17   1.0706368e-02
  -2.1331277e-02  -2.1787081e-02   1.2021962e-02   3.4213528e-02  -2.6875138e-02  -8.8143258e-03   1.7520140e-02  -2.6289250e-02  -8.7574527e-03  -3.5685158e-02   7.5180038e-03  -1.4400426e-03   2.0929638e-01   6.6717374e-02  -2.0033360e-01  -5.6864619e-02   2.3862731e-03   1.7076084e-02   8.0988117e-03   6.8714167e-04   6.0220402e-03   1.8508086e-02  -1.1950128e-02  -4.7822747e-03   3.1204627e-03   3.3770839e-03   9.7633386e-03   2.3697506e-02   1.3033526e-16  -1.8876533e-03
  -2.1331277e-02  -2.1787081e-02   1.2021962e-02   3.4213528e-02  -2.6875138e-02  -8.8143258e-03   1.7520140e-02  -2.6289250e-02  -8.7574527e-03  -3.5685158e-02   7.5180038e-03  -1.4400426e-03  -1.4811030e-01   1.0112362e-01  -6.6143660e-02  -1.7052977e-02   4.4450525e-02   7.0408709e-02  -6.5925699e-02   6.8714167e-04   6.0220402e-03   1.8508086e-02  -1.1950128e-02  -4.7822747e-03   3.1204627e-03   3.3770839e-03   9.7633386e-03   2.3697506e-02   1.6672017e-16  -1.8876533e-03
  -1.9218135e-02   6.1654667e-02   6.6219889e-02   1.2450247e-02  -9.6900282e-03   3.9592442e-02  -9.8156727e-02  -5.6278548e-02  -3.0140849e-02   6.0191483e-03  -2.7904137e-03   2.2235544e-03   1.3445141e-16  -1.0064450e-16   2.1536324e-16   1.9516378e-16  -1.3386397e-16  -2.2916756e-16  -4.3436926e-17  -3.8842793e-03  -4.4674655e-03   1.4502930e-02   2.7662426e-02   6.2156573e-03  -8.1156420e-02  -1.4600226e-01  -3.9942228e-04   3.2974984e-02   2.8840472e-16   6.9389527e-04
  -1.9400959e-02   1.9293963e-02  -3.4002227e-02  -5.5588938e-03   1.7408689e-02  -6.3316822e-02  -3.4627148e-02   9.7180703e-03  -1.3459166e-02  -2.1860751e-02   2.7716150e-02   4.4308080e-02  -5.7825309e-02   1.0857120e-01  -4.9507614e-02  -1.0249751e-01   2.5549876e-02   1.8250973e-03   4.9258294e-02  -1.6399596e-02   1.5413136e-02   2.1801626e-02   1.7637428e-02  -4.1981304e-03   1.7220642e-02  -3.2700070e-02   4.0152796e-03  -6.0683963e-02  -5.7317533e-16  -3.2699037e-03
  -2.1331277e-02  -2.1787081e-02   1.2021962e-02   3.4213528e-02  -2.6875138e-02  -8.8143258e-03   1.7520140e-02  -2.6289250e-02  -8.7574527e-03  -3.5685158e-02   7.5180038e-03  -1.4400426e-03  -1.3346298e-01  -1.5009639e-01   7.3006936e-02   8.1409468e-03   7.6120232e-02   9.6203587e-03   2.1593990e-01   6.8714167e-04   6.0220402e-03   1.8508086e-02  -1.1950128e-02  -4.7822747e-03   3.1204627e-03   3.3770839e-03   9.7633386e-03   2.3697506e-02   1.7993366e-16  -1.8876533e-03
  -2.0031409e-02   6.0026966e-03  -1.9411774e-02   5.6967158e-03   1.0998956e-02  -3.8516291e-02  -2.4209012e-02   2.2372546e-02  -2.9557633e-02  -4.3848609e-02  -6.2992148e-02  -1.2923704e-02   2.1712384e-02   8.8841120e-03   5.1078480e-02   4.6630754e-02  -5.3750722e-02  -7.2746912e-02  -9.2050998e-04   4.2363154e-02  -4.8328915e-02   1.0508461e-02   5.6464652e-03  -3.4525002e-04   1.4390221e-02  -2.3260861e-02  -7.9583110e-03  -3.4925207e-02  -4.1019059e-16   2.7572780e-03
  -2.1331277e-02  -2.1787081e-02   1.2021962e-02   3.4213528e-02  -2.6875138e-02  -8.8143258e-03   1.7520140e-02  -2.6289250e-02  -8.7574527e-03  -3.5685158e-02   7.5180038e-03  -1.4400426e-03   1.0764838e-01  -2.4789907e-02   9.9675304e-02   9.2154430e-02   1.9595076e-03  -4.4509041e-02   7.0541702e-02   6.8714167e-04   6.0220402e-03   1.8508086e-02  -1.1950128e-02  -4.7822747e-03   3.1204627e-03   3.3770839e-03   9.7633386e-03   2.3697506e-02   1.7385223e-16  -1.8876533e-03
  -1.9400959e-02   1.9293963e-02  -3.4002227e-02  -5.5588938e-03   1.7408689e-02  -6.3316822e-02  -3.4627148e-02   9.7180703e-03  -1.3459166e-02  -2.1860751e-02   2.7716150e-02   4.4308080e-02   3.6112925e-02  -1.1745531e-01  -1.5708662e-03   5.5866754e-02   2.8200847e-02   7.0921815e-02  -4.8337784e-02  -1.6399596e-02   1.5413136e-02   2.1801626e-02   1.7637428e-02  -4.1981304e-03   1.7220642e-02  -3.2700070e-02   4.0152796e-03  -6.0683963e-02  -5.8896348e-16  -3.2699037e-03
  -2.1331277e-02  -2.1787081e-02   1.2021962e-02   3.4213528e-02  -2.6875138e-02  -8.8143258e-03   1.7520140e-02  -2.6289250e-02  -8.7574527e-03  -3.5685158e-02   7.5180038e-03  -1.4400426e-03  -5.0657767e-02   5.2139171e-02   3.9573756e-02  -9.5142424e-02  -6.7777395e-02   2.1168484e-02  -1.9607712e-01   6.8714167e-04   6.0220402e-03   1.8508086e-02  -1.1950128e-02  -4.7822747e-03   3.1204627e-03   3.3770839e-03   9.7633386e-03   2.3697506e-02   2.1964389e-16  -1.8876533e-03
  -2.1392417e-02  -2.4182565e-02   2.2342549e-02  -2.1360016e-02   4.7492162e-02  -8.1077245e-05  -8.0601142e-03  -1.6711534e-02   4.3823706e-02  -1.4662205e-02   1.5194480e-02   1.5739011e-02   1.5286298e-02  -4.5093873e-02   5.4221261e-02   6.8764643e-02  -5.7139142e-02  -7.3764594e-02  -3.2577591e-02  -1.3120580e-02   1.8378758e-02  -8.0320251e-03   4.8737616e-03   1.8633676e-02  -2.1078059e-03   3.4368284e-03  -2.4756273e-02   7.8422676e-03  -3.2694970e-16  -6.4651035e-02
  -2.1246580e-02  -2.1533178e-02   2.6327868e-02  -9.3705956e-02  -1.4623425e-02  -1.2339780e-02  -6.3764296e-03  -1.0708695e-02   9.9030867e-03  -6.6700113e-03  -2.2330918e-02  -1.6243988e-02  -1.5286298e-02   4.5093873e-02  -5.4221261e-02  -6.8764643e-02   5.7139142e-02   7.3764594e-02   3.2577591e-02   1.0337431e-02  -2.1238702e-02   6.2570031e-03   5.6570818e-03  -8.8041624e-02   1.4206552e-02  -6.3247981e-03  -2.9665818e-02   4.7278320e-03  -5.2195138e-16  -8.3565391e-02
  -2.1297822e-02  -2.3167105e-02   2.9620926e-02  -8.6385750e-02   2.7375609e-03  -2.3913897e-02   1.4074034e-03  -2.6110127e-02  -7.3940686e-04   1.6483104e-02   9.2972406e-03  -1.5693759e-02   6.9306604e-03  -1.8160848e-02   8.9232696e-03  -3.7570885e-04  -3.2377398e-03  -9.5734289e-03  -6.1182450e-03   2.9954632e-04   1.4913358e-02   6.5474814e-02  -4.7026478e-02   1.0304867e-02   9.4441009e-03  -9.6421219e-03   2.0176507e-02  -4.9103501e-03   5.0000622e-16   8.5315357e-02
  -2.1426746e-02  -2.4876111e-02   1.9438183e-02   3.1430166e-02   1.2829363e-01   1.4924731e-02  -2.2671878e-03   3.8028150e-02  -4.6220492e-02   5.0540829e-02  -7.8842515e-03  -1.5122827e-02  -1.5286298e-02   4.5093873e-02  -5.4221261e-02  -6.8764643e-02   5.7139142e-02   7.3764594e-02   3.2577591e-02   1.0707670e-02  -4.2103908e-03   4.0650850e-02  -4.8400026e-02   1.1426751e-01   3.4854383e-03  -5.1943604e-03  -6.7590642e-02   1.2619796e-03  -6.2760559e-17  -2.0127214e-02
  -2.1188358e-02  -1.8325975e-02   1.2024094e-02  -4.2127087e-02   9.9641830e-03   2.3385936e-02  -2.2476449e-02   1.0692107e-02   6.1753441e-02  -5.0021880e-02  -2.5732538e-02   1.5128883e-02  -6.9306604e-03   1.8160848e-02  -8.9232696e-03   3.7570885e-04   3.2377398e-03   9.5734289e-03   6.1182450e-03  -5.1079681e-03  -2.9419070e-03  -2.2820690e-02   4.4102905e-03   3.6246012e-02  -3.2432090e-03   2.3217419e-03  -2.7930481e-04   1.6983944e-03   5.0031962e-16   7.6475996e-02
  -2.0954249e-02  -1.2223033e-02   2.5878429e-05  -1.7275924e-02  -4.0567715e-02   3.1443203e-02   5.3239490e-03   5.8518197e-02  -7.5329732e-02   3.0712164e-02   2.3533440e-02   1.3755280e-02   8.3556374e-03  -2.6933025e-02   4.5297991e-02   6.9140352e-02  -5.3901402e-02  -6.4191166e-02  -2.6459346e-02  -3.4099395e-02  -2.9516185e-03   3.0315518e-02  -2.0268074e-02  -5.9099046e-02   2.4659026e-02  -1.0869320e-02  -5.3192383e-02   1.2707424e-02   4.0351964e-16   2.5797720e-02
  -2.1433966e-02  -2.5130696e-02   2.0699088e-02   2.1218257e-02   1.0005783e-01   6.4271732e-03  -3.2993790e-04   7.3707498e-03  -7.0039769e-03   3.3197721e-02   2.2407180e-02   3.5250767e-03  -8.1908366e-17   7.3054605e-17  -1.0744184e-16  -1.0313835e-16   7.8683722e-17   1.4272266e-16   5.4372654e-17   9.3129252e-03  -2.2890908e-02  -2.3353191e-02   2.6384955e-02  -8.6927815e-02   7.2591434e-04   2.6750768e-03   5.1331098e-02   7.6787450e-03   1.4456751e-16   3.3694209e-02
  -2.0862196e-02  -9.1136510e-03  -9.5549386e-03   2.3669572e-02  -2.7896247e-02  -2.9659151e-02  -3.3994932e-02   1.1817346e-03   4.1908019e-02   7.3929069e-02  -2.8112809e-02  -2.3147701e-02  -8.2811736e-17  -6.3612762e-17  -9.4626043e-17  -2.0093354e-16   1.6092353e-16   2.4438669e-16  -5.8021557e-17  -4.8502559e-02  -9.0781700e-03  -4.5404911e-02  -5.0823348e-02  -2.7122639e-04   2.8816626e-02  -3.5071768e-02   1.5933004e-02  -7.7043027e-03  -7.4766427e-17  -6.6291093e-03
  -2.0877476e-02  -1.4156510e-02   1.4522753e-02  -4.3620455e-02  -2.9688712e-02  -1.2151687e-02   1.5635774e-02   7.0728234e-03  -5.4233087e-02   3.0022278e-02   9.8698798e-03  -1.2035096e-03   2.4308125e-17  -1.9392924e-17   3.4120248e-17   4.7956285e-17  -5.6623563e-17  -6.4352929e-17  -2.4511148e-17   2.7227119e-03  -3.2582662e-03  -4.7348545e-02   3.6909339e-02   5.7257639e-02  -2.3794389e-02   1.5771198e-02   2.4337143e-02  -4.5296397e-03  -1.7572577e-16  -8.3936353e-03
  -2.1244154e-02  -1.9808576e-02   1.0151263e-02   2.4626857e-02  -2.0107676e-02  -9.8347533e-03   1.0910410e-02  -2.6043928e-02   1.0097418e-02   2.8915743e-03   2.5426081e-02   4.5181188e-03   6.3918461e-17   8.5468128e-17  -2.4173592e-19  -5.5108921e-17   1.3305488e-16   1.1677010e-16   3.2703956e-17   1.0660772e-02  -2.5689480e-02  -1.2277873e-02   1.8712499e-03   6.6520255e-03   1.0272400e-03  -4.9600251e-03  -2.5563297e-02  -1.6812645e-02   2.3757616e-17   1.1373111e-02
  -2.1166677e-02  -1.7728602e-02   6.9471429e-03   1.7272202e-02  -7.0491826e-04   3.7966905e-03  -9.5795613e-04   1.2385932e-02  -1.4095082e-02  -1.5433961e-02  -2.3952524e-02  -4.6226314e-03   3.4427164e-17  -8.1279020e-17   9.6928533e-17   9.1174324e-17  -6.8439690e-18  -4.4405563e-17   1.2323928e-17  -1.0753199e-02   2.4042451e-02   3.0205408e-03   6.1655876e-03  -2.8928881e-03  -3.6035091e-03   1.9518530e-03   1.5857966e-02  -9.0563652e-03  -1.3520546e-16  -9.0630501e-03
