   2.0691903e-02  -1.1475961e-02  -5.8042178e-03   1.4130376e-02  -1.9766700e-03  -8.2443384e-03  -1.2910814e-02   3.4038723e-03   3.5441662e-03  -2.8540950e-03   4.1637617e-03  -2.0811389e-02   1.2806341e-16   1.5321690e-16   7.2705322e-18   8.2042216e-17  -3.1346198e-17  -2.2162274e-02  -1.4938376e-02   2.1270650e-02   2.1239773e-02   1.9622140e-03   1.3482680e-02  -1.2519898e-02   1.8262273e-04   4.6229716e-17   2.8316546e-02  -1.5223646e-16   1.0306873e-03   1.0954079e-02
   9.9040012e-03  -3.4771929e-02   2.4616214e-03  -2.4115910e-02  -9.4975153e-03  -3.8499365e-02   2.6868093e-02   1.2416831e-03   2.7908814e-03   1.0444229e-02  -9.8720987e-03   1.7216780e-02  -1.7308685e-16  -2.1240725e-16  -3.1018723e-17  -6.8810698e-17   1.1950317e-17   2.0382140e-02   2.0143948e-02  -1.2360511e-02  -1.0203991e-02  -5.1862594e-03  -2.8076812e-02   4.3075875e-02   3.7543562e-03   8.0553430e-17   3.5189659e-02  -1.6588207e-16   3.0791303e-03   1.4473559e-02
  -1.4816115e-03  -1.9751863e-02  -2.0564474e-03  -2.3280469e-02   1.3595710e-02   3.8954884e-02   1.7378249e-02   2.4930308e-02  -1.7343844e-02  -1.1827806e-03  -2.1826765e-02  -8.0257467e-03   4.3368087e-17   6.7307271e-17  -1.5959456e-17   5.9197439e-17  -3.8163916e-18  -1.9669143e-02   1.7366814e-02  -2.2729297e-02   2.1399070e-02  -1.5183320e-02  -2.7848472e-03  -3.4064158e-03  -3.9113261e-02  -1.5582820e-15  -6.8902048e-03   3.1417463e-17  -2.9908505e-02   2.9828589e-03
   1.2483873e-02  -3.8204893e-02  -4.0214192e-03  -3.0805258e-02  -1.7016906e-02   3.3590454e-02  -3.4361727e-02  -4.5948373e-02   4.4911777e-03  -7.4142375e-03   9.0959952e-03   1.5776383e-02  -4.0549161e-17   4.0476881e-17   2.7358035e-17  -7.7195195e-17   8.4567769e-17   1.7586615e-02   6.1973584e-03  -1.3560797e-02  -5.1304701e-02  -2.2281496e-02   6.9218980e-02  -2.3584897e-02  -2.6780759e-03  -2.4941930e-17   7.6298882e-03  -7.9555682e-17   2.2158212e-03   1.7888574e-03
   4.1694426e-02   3.6550436e-02   4.2173202e-03  -3.1934632e-03  -1.5509843e-03  -1.3526638e-02  -8.3606636e-02   6.2802193e-02  -2.9362887e-02   7.7474304e-03  -6.1304629e-03   2.2570615e-02  -1.6101396e-02   3.8288678e-02   4.3882098e-02   2.7270640e-02  -3.6151927e-02   1.8151478e-02   1.0989354e-02  -1.4166370e-02  -1.5480242e-02  -2.0311816e-03  -2.2166251e-02  -2.1102293e-02   3.0402248e-06   4.2082801e-16  -4.0838443e-03   1.1785113e-01  -2.0238138e-04  -2.3728709e-03
   4.6617111e-02   5.3465881e-02   9.3611857e-03  -1.6128045e-02   1.7288923e-03   8.2038942e-03   2.7379222e-02  -1.7340004e-02   5.7616499e-03  -8.1578492e-04   1.8031882e-04  -4.3581919e-05   1.6101396e-02  -3.8288678e-02  -4.3882098e-02  -2.7270640e-02   3.6151927e-02  -3.6012357e-04  -7.1837091e-04   3.7632918e-03   1.0062714e-02   2.4640327e-03   3.6209158e-02   6.1868284e-02  -1.9019620e-04   1.9157799e-16  -1.7487869e-02   8.8388348e-02  -4.5680076e-04  -3.5171463e-03
   4.6617111e-02   5.3465881e-02   9.3611857e-03  -1.6128045e-02   1.7288923e-03   8.2038942e-03   2.7379222e-02  -1.7340004e-02   5.7616499e-03  -8.1578492e-04   1.8031882e-04  -4.3581919e-05  -1.6101396e-02   3.8288678e-02   4.3882098e-02   2.7270640e-02  -3.6151927e-02  -3.6012357e-04  -7.1837091e-04   3.7632918e-03   1.0062714e-02   2.4640327e-03   3.6209158e-02   6.1868284e-02  -1.9019620e-04  -3.5664385e-16  -1.7487869e-02  -8.8388348e-02  -4.5680076e-04  -3.5171463e-03
   1.1933648e-02  -3.6370397e-02  -3.8327408e-03  -2.9561352e-02  -9.6326680e-03   1.9293539e-02  -2.7446132e-03  -1.5781344e-02  -7.1561836e-03  -1.4348254e-03  -4.7459153e-02   4.1006793e-02  -5.6745256e-03  -3.8427990e-03   8.3697715e-04   4.9557597e-02   5.5557893e-04   1.2030594e-02  -5.0803660e-02   2.6768255e-02   1.3846479e-02   2.5880236e-02  -3.1309916e-02  -1.9973364e-03   1.9040295e-02   6.5904173e-16  -2.9174579e-02   1.5050740e-16   9.6352631e-03  -1.0612898e-02
  -7.2181825e-03  -6.2975960e-03   1.8751864e-02   2.4829069e-04   3.1886132e-02  -4.9064583e-03   1.4674952e-02   1.1904832e-02  -4.5467324e-02  -7.4971157e-02   2.3143527e-02  -1.4653060e-02   1.5360976e-16   4.9543702e-16   8.7603536e-17  -2.7929048e-17   6.9041994e-17  -3.8782548e-02  -3.2617433e-02  -3.6043533e-02  -4.9760698e-02   8.4848949e-03  -1.8213969e-02   2.4843642e-02   1.8155983e-02   6.4289166e-16   3.7337230e-03  -2.4095583e-17   1.0870523e-02  -1.4466583e-02
  -1.1738944e-02  -8.8990199e-03   1.1993734e-02  -1.7201199e-02   1.8364962e-02   6.4599111e-02   3.7827161e-02   7.1417407e-02  -7.1353724e-03   4.0719099e-02   1.2657836e-02  -5.9463293e-02   4.7018757e-02  -8.0158692e-02   6.5665339e-02  -9.5371215e-03   7.9735302e-02   2.9577091e-02   2.0512143e-02   4.8236837e-02  -2.2916722e-02   1.5617485e-02   7.6800781e-03   1.6267839e-03   5.5296719e-02   2.1536889e-15   1.4614035e-02  -4.2901264e-17   3.1872070e-02  -2.2062048e-02
   4.1694426e-02   3.6550436e-02   4.2173202e-03  -3.1934632e-03  -1.5509843e-03  -1.3526638e-02  -8.3606636e-02   6.2802193e-02  -2.9362887e-02   7.7474304e-03  -6.1304629e-03   2.2570615e-02   1.6101396e-02  -3.8288678e-02  -4.3882098e-02  -2.7270640e-02   3.6151927e-02   1.8151478e-02   1.0989354e-02  -1.4166370e-02  -1.5480242e-02  -2.0311816e-03  -2.2166251e-02  -2.1102293e-02   3.0402248e-06  -2.6068963e-16  -4.0838443e-03  -1.1785113e-01  -2.0238138e-04  -2.3728709e-03
   2.7853107e-02  -2.6531097e-02  -2.5351909e-02   1.6882216e-01   8.7143257e-03   2.4881807e-02   2.8773680e-02  -7.0726859e-03  -6.5076390e-03   4.3968232e-03  -5.1676431e-03   2.1922299e-02  -1.2880322e-16  -2.6183482e-17  -2.1684043e-19  -9.8228717e-17   8.1044112e-17   1.9096602e-02   1.1641989e-02  -1.4073234e-02  -1.2632231e-02  -1.0986031e-03  -7.3762399e-03   6.6160420e-03  -9.1583408e-05   2.5000000e-01  -1.3477271e-02  -4.6195899e-16  -4.6348457e-04  -4.5213101e-03
   1.9034880e-02  -3.4680073e-02  -7.9951740e-03  -1.5386994e-02  -2.4565845e-02   3.7905836e-02  -8.5747745e-02  -8.2016675e-02   1.7645216e-02  -2.9265067e-02   6.8256756e-02  -9.9359077e-02   7.0950190e-16   8.3570303e-16   2.3201926e-16   2.6107588e-16   4.6837534e-17   2.8502574e-02   3.0871023e-02  -1.5075210e-02   4.4122598e-02   2.5848244e-02  -9.9898998e-02   4.0460141e-02   2.5103670e-03   1.2296433e-16  -3.2647135e-02   1.8884074e-16  -2.6528551e-03  -8.9564490e-03
   5.1913759e-03  -2.7140754e-02   2.4006378e-03  -2.1936603e-02  -7.3938987e-03   1.7971221e-02   3.2619908e-04  -3.2822279e-03   6.6553920e-03   1.6488164e-02   1.2038543e-02   7.2371038e-02   5.6745256e-03   3.8427990e-03  -8.3697715e-04  -4.9557597e-02  -5.5557893e-04  -2.7553690e-02  -7.9040269e-03   2.2932141e-02   1.4472408e-02   1.9225277e-02  -2.3321478e-02  -2.4740892e-03   2.1612117e-02   7.8576170e-16  -1.9997168e-02   1.0131098e-16   1.0681253e-02  -1.6476530e-02
  -2.2931139e-02   1.1905656e-02   3.2876950e-02   1.3155823e-02   2.7911441e-02  -5.5235101e-03  -2.0849721e-02  -2.5097459e-02   9.3100333e-03   3.5522674e-02  -7.5700322e-03   3.0598909e-03  -9.0814948e-02  -9.1466125e-02  -4.8913863e-02  -8.0111128e-02  -1.7355948e-01   2.5521218e-04  -6.3002596e-03  -1.9254140e-02   1.0328205e-02   4.7386036e-03   2.9280349e-03   3.6719018e-03  -9.7781405e-03  -3.7314274e-16   2.3339698e-02  -1.0676063e-16  -1.8229865e-03  -4.0662440e-02
  -2.2931139e-02   1.1905656e-02   3.2876950e-02   1.3155823e-02   2.7911441e-02  -5.5235101e-03  -2.0849721e-02  -2.5097459e-02   9.3100333e-03   3.5522674e-02  -7.5700322e-03   3.0598909e-03   6.8813711e-02  -1.0842931e-01   1.0482837e-01  -3.0705706e-02  -9.1239013e-02   2.5521218e-04  -6.3002596e-03  -1.9254140e-02   1.0328205e-02   4.7386036e-03   2.9280349e-03   3.6719018e-03  -9.7781405e-03  -4.0669016e-16   2.3339698e-02  -7.5720582e-17  -1.8229865e-03  -4.0662440e-02
   5.3493918e-02   7.4644477e-02   1.5234495e-02  -2.9764785e-02   4.4722175e-03   2.4538314e-02   9.9326437e-02  -6.6855618e-02   2.5304594e-02  -4.6500248e-03   1.8564410e-03  -1.7200610e-03   9.5897682e-17   3.4831350e-16   1.1210650e-16  -3.1914507e-17   1.1349903e-16   4.4865444e-03   5.0742018e-03  -1.4716861e-02  -2.9535615e-02  -6.2690129e-03  -8.7477290e-02  -1.3866300e-01   3.8266577e-04  -3.2003687e-17   3.1765533e-02  -5.3897121e-16   7.4654124e-04   4.9440945e-03
   1.7554657e-02  -3.2283668e-02  -2.7198888e-03  -9.2142998e-03  -1.4840442e-02  -6.9906536e-02   2.5317133e-02   8.9556347e-03   1.3911450e-02   2.1632118e-02  -2.9384594e-02  -7.0934780e-02  -1.3778995e-01  -1.3264248e-03   4.9218689e-03  -1.5312159e-02   3.5137564e-02   1.1088761e-02  -1.8384738e-02  -1.7422150e-02  -1.6195860e-02   4.1013219e-03   1.7628898e-02  -3.4241966e-02  -3.9605078e-03  -6.7714726e-17  -5.7677366e-02   3.3001201e-16  -3.3583004e-03  -1.7871967e-02
  -2.2931139e-02   1.1905656e-02   3.2876950e-02   1.3155823e-02   2.7911441e-02  -5.5235101e-03  -2.0849721e-02  -2.5097459e-02   9.3100333e-03   3.5522674e-02  -7.5700322e-03   3.0598909e-03  -1.2914594e-01   5.4788253e-02   1.7383942e-01  -9.8011491e-02   1.4922810e-01   2.5521218e-04  -6.3002596e-03  -1.9254140e-02   1.0328205e-02   4.7386036e-03   2.9280349e-03   3.6719018e-03  -9.7781405e-03  -3.5936404e-16   2.3339698e-02  -7.7811798e-17  -1.8229865e-03  -4.0662440e-02
   4.4438667e-03  -1.8263173e-02   7.2981249e-03  -3.2887349e-03  -9.3732350e-03  -4.2377041e-02   2.1081238e-02   2.1541835e-02   2.9908198e-02   4.3814786e-02   6.3753380e-02   1.8652820e-02   5.3970809e-02   3.9465094e-02  -3.8164756e-04   4.2538122e-02  -2.4094044e-02  -5.4571101e-02   4.2308344e-02  -9.0855384e-03  -5.1385323e-03   2.6936016e-04   1.4630024e-02  -2.4288344e-02   7.9927961e-03   3.5608409e-16  -3.2880751e-02   2.1953117e-16   2.7162032e-03  -2.5224997e-02
  -2.2931139e-02   1.1905656e-02   3.2876950e-02   1.3155823e-02   2.7911441e-02  -5.5235101e-03  -2.0849721e-02  -2.5097459e-02   9.3100333e-03   3.5522674e-02  -7.5700322e-03   3.0598909e-03   6.9643858e-02   1.8931288e-01  -1.9850321e-02  -4.0787795e-02   1.4900663e-01   2.5521218e-04  -6.3002596e-03  -1.9254140e-02   1.0328205e-02   4.7386036e-03   2.9280349e-03   3.6719018e-03  -9.7781405e-03  -4.0409101e-16   2.3339698e-02  -6.5856348e-17  -1.8229865e-03  -4.0662440e-02
   1.7554657e-02  -3.2283668e-02  -2.7198888e-03  -9.2142998e-03  -1.4840442e-02  -6.9906536e-02   2.5317133e-02   8.9556347e-03   1.3911450e-02   2.1632118e-02  -2.9384594e-02  -7.0934780e-02   8.3819146e-02  -3.8138669e-02  -4.5402214e-03  -2.7225963e-02  -1.1043520e-02   1.1088761e-02  -1.8384738e-02  -1.7422150e-02  -1.6195860e-02   4.1013219e-03   1.7628898e-02  -3.4241966e-02  -3.9605078e-03  -8.2329588e-17  -5.7677366e-02   2.8594740e-16  -3.3583004e-03  -1.7871967e-02
  -2.2931139e-02   1.1905656e-02   3.2876950e-02   1.3155823e-02   2.7911441e-02  -5.5235101e-03  -2.0849721e-02  -2.5097459e-02   9.3100333e-03   3.5522674e-02  -7.5700322e-03   3.0598909e-03   2.1857982e-02  -8.7513587e-02  -2.0868497e-01   2.5663560e-01  -8.7866137e-03   2.5521218e-04  -6.3002596e-03  -1.9254140e-02   1.0328205e-02   4.7386036e-03   2.9280349e-03   3.6719018e-03  -9.7781405e-03  -3.8796609e-16   2.3339698e-02  -8.3317862e-17  -1.8229865e-03  -4.0662440e-02
  -2.5162023e-02   2.1096934e-02  -2.3071555e-02   3.8660083e-03  -4.7659654e-02  -3.2985621e-03   4.0537248e-03  -1.6785027e-02  -4.4008965e-02   1.5285321e-02  -1.6378798e-02  -2.3086154e-02   5.9645334e-02   4.3307893e-02  -1.2186247e-03  -7.0194749e-03  -2.4649623e-02   1.5911846e-02  -1.7115645e-02   8.6873750e-03  -4.1180910e-03  -1.8613321e-02  -2.2180806e-03   3.5766123e-03   2.4751395e-02   1.0174406e-15   7.8200002e-03   2.7999970e-17  -6.4620172e-02  -1.4168417e-02
  -2.2473697e-02   2.4188823e-02  -9.4820130e-02  -1.4806086e-02   1.4840015e-02  -1.3989019e-02   2.1555293e-03  -1.0617252e-02  -9.6823030e-03   6.5968648e-03   2.3280540e-02   2.3828620e-02  -5.9645334e-02  -4.3307893e-02   1.2186247e-03   7.0194749e-03   2.4649623e-02  -1.2720401e-02   2.0635872e-02  -7.2809516e-03  -7.3879557e-03   8.7768990e-02   1.4029589e-02  -6.3544252e-03   2.9664319e-02   1.1671714e-15   4.6694412e-03   3.3578360e-17  -8.3548722e-02   7.4043309e-03
  -2.4030510e-02   2.7282178e-02  -8.8174564e-02  -8.1354194e-03  -1.6516971e-03  -2.5307639e-02  -9.0606406e-03  -2.5285126e-02   1.3156577e-03  -1.7157604e-02  -8.0589468e-03   2.3196393e-02   5.3332046e-02  -1.8425399e-02   3.2223357e-02  -8.2782982e-03   2.7542840e-02   1.8520019e-03  -1.6138276e-02  -6.7643267e-02   4.2525708e-02  -1.0275538e-02   9.5804772e-03  -9.9191377e-03  -2.0170873e-02  -6.5581448e-16  -4.8220301e-03  -4.6538447e-18   8.5290522e-02   1.2266547e-02
  -2.5866602e-02   1.8753574e-02   2.9008690e-02   2.0891515e-02  -1.2856941e-01   1.2494218e-02   9.2015255e-03   3.7315916e-02   4.6018698e-02  -5.1215924e-02   9.1006273e-03   2.2538841e-02  -5.9645334e-02  -4.3307893e-02   1.2186247e-03   7.0194749e-03   2.4649623e-02  -1.1682339e-02   2.6297129e-03  -4.3027049e-02   4.5849114e-02  -1.1406276e-01   3.4368777e-03  -5.3808924e-03   6.7594467e-02   3.0682758e-15   1.6724478e-03   6.1441666e-17  -2.0110849e-02  -1.2184985e-02
  -1.9535169e-02   1.1356512e-02  -4.1967684e-02  -1.3648159e-02  -1.2041594e-02   1.9372521e-02   2.4545069e-02   9.2958439e-03  -6.2519364e-02   5.1542005e-02   2.4092840e-02  -2.2405871e-02  -5.3332046e-02   1.8425399e-02  -3.2223357e-02   8.2782982e-03  -2.7542840e-02   4.8485129e-03   4.0398035e-03   2.2743416e-02  -3.0153559e-03  -3.6177867e-02  -3.2937830e-03   2.3698431e-03   2.7789732e-04   7.8770626e-17   1.6354610e-03  -3.0474874e-17   7.6473473e-02  -8.6539349e-03
  -1.3635543e-02   2.7480148e-04  -1.6226006e-02  -1.2872806e-02   3.8890377e-02   3.4994480e-02   8.6488155e-03   5.7543624e-02   7.5160980e-02  -3.1588145e-02  -2.3305618e-02  -2.6213504e-02   6.3132888e-03   6.1733293e-02  -3.3441982e-02   1.2588233e-03  -5.2192463e-02   3.4823439e-02   5.8248427e-03  -3.3652039e-02   1.5990553e-02   5.8784930e-02   2.4212292e-02  -1.0909883e-02   5.3187556e-02   2.1664233e-15   1.2482735e-02   3.1536228e-17   2.5821984e-02  -5.6109373e-03
  -2.6104621e-02   1.9861793e-02   1.8854014e-02   1.8000597e-02  -1.0000954e-01   4.1144273e-03   1.5970002e-03   7.2408458e-03   6.8616540e-03  -3.3440331e-02  -2.2517799e-02  -3.8703005e-03   1.9775848e-16   1.8735014e-16  -1.7780916e-17  -2.2551405e-17  -1.0842022e-17  -1.3045563e-02   2.2430159e-02   2.3945415e-02  -2.5457643e-02   8.6758205e-02   7.2789795e-04   2.8469167e-03  -5.1337949e-02  -2.2204852e-15   7.3592516e-03  -6.7567574e-17   3.3707102e-02  -1.1069897e-02
  -1.0695064e-02  -8.3816089e-03   2.5069239e-02  -4.4341880e-03   2.8434176e-02  -3.5219076e-02   2.7252641e-02   1.2310122e-04  -4.2202656e-02  -7.4190540e-02   3.0373404e-02   2.6825722e-02  -3.0466081e-16  -2.1250363e-17  -2.2876666e-17  -2.0578157e-16   8.2507785e-17   5.7437272e-02   1.8876436e-02   3.7695571e-02   4.9165503e-02   2.7119770e-04   2.9422360e-02  -3.6220397e-02  -1.5909712e-02  -5.7038683e-16  -6.0055744e-03   3.6219306e-17  -6.6109099e-03  -2.0333672e-02
  -1.5188224e-02   1.3338768e-02  -4.4650978e-02  -2.2844501e-03   3.0904075e-02  -8.0957273e-03  -1.3701921e-02   7.7280534e-03   5.4589962e-02  -3.0912405e-02  -9.2500745e-03   1.0207455e-03   2.5514891e-17  -6.1004442e-17  -3.7007434e-17  -1.3588667e-17  -7.3725748e-17  -3.6374115e-03   3.3340142e-03   5.0485351e-02  -3.1959175e-02  -5.7039281e-02  -2.3708345e-02   1.6054896e-02  -2.4339154e-02  -9.5716935e-16  -4.5254290e-03   1.9282446e-17  -8.3962337e-03  -1.9414564e-02
  -2.0988421e-02   1.0051825e-02   2.3607898e-02   9.6174296e-03   2.0976762e-02  -7.9333064e-03  -1.4970185e-02  -2.5134837e-02  -9.8548743e-03  -3.0060676e-03  -2.5756290e-02  -4.8573935e-03   4.9584179e-17  -5.1427323e-17  -5.2403105e-17   6.4726870e-17  -7.7285545e-17  -1.4961957e-02   2.4958649e-02   1.1787334e-02  -1.2538649e-03  -6.6314418e-03   1.1491449e-03  -5.2313862e-03   2.5574996e-02   1.0481135e-15  -1.6497678e-02   6.1938167e-17   1.1326799e-02   2.9446876e-02
  -1.8978122e-02   7.0035935e-03   1.6796098e-02   4.6395328e-03   6.0352827e-04   4.2399562e-03   3.4757803e-03   1.2116035e-02   1.4094512e-02   1.5470028e-02   2.4285714e-02   5.0124530e-03  -3.1276044e-17  -3.5102640e-17   4.7857959e-17  -2.6071873e-17   4.3878300e-17   1.4920986e-02  -2.3174753e-02  -1.9402691e-03  -5.7837246e-03   2.9064298e-03  -3.5731266e-03   1.9547476e-03  -1.5854946e-02  -6.8572972e-16  -9.2007160e-03   2.1359535e-17  -9.0958664e-03   2.8406287e-02
   2.7853107e-02  -2.6531097e-02  -2.5351909e-02   1.6882216e-01   8.7143257e-03   2.4881807e-02   2.8773680e-02  -7.0726859e-03  -6.5076390e-03   4.3968232e-03  -5.1676431e-03   2.1922299e-02  -1.0408341e-16   1.9407219e-17   1.2685165e-17  -1.0603497e-16   4.8490942e-17   1.9096602e-02   1.1641989e-02  -1.4073234e-02  -1.2632231e-02  -1.0986031e-03  -7.3762399e-03   6.6160420e-03  -9.1583407e-05  -2.5000000e-01  -1.3477271e-02   5.6422261e-16  -4.6348457e-04  -4.5213101e-03
