1.984712000000000032e+00 2.635997000000000146e+00 1.351112000000000091e+00
7.456819999999999560e-01 -1.311768999999999963e+00 -6.370679999999999676e-01
-3.459400000000000253e-01 1.174747999999999903e+00 -2.388352999999999948e+00
5.787050000000000249e-01 -1.129780999999999924e+00 1.383467000000000002e+00
-2.222675000000000178e+00 1.747680000000000067e-01 2.352022999999999975e+00
-2.098561000000000121e+00 8.466620000000000257e-01 1.902446999999999999e+00
-2.122770000000000046e+00 1.385991999999999891e+00 1.667488000000000081e+00
8.380429999999999824e-01 -1.611906999999999979e+00 1.857655000000000056e+00
-1.071320999999999968e+00 -3.507879999999999887e-01 -6.875109999999999832e-01
-1.078894000000000020e+00 -2.896520000000000206e-01 -7.805560000000000276e-01
-2.192279999999999784e+00 4.952190000000000203e-01 2.470651999999999848e+00
1.762251000000000012e+00 2.864774000000000154e+00 1.639618999999999938e+00
6.739330000000000043e-01 -1.549838999999999967e+00 1.916144999999999987e+00
-3.494999999999999843e-03 -1.128578999999999999e+00 5.592129999999999601e-01
-2.488831999999999933e+00 1.167418000000000067e+00 1.898643999999999998e+00
1.262826999999999922e+00 2.331137000000000015e+00 1.136060999999999988e+00
-1.176833000000000018e+00 -2.335840000000000138e-01 -8.173139999999999850e-01
1.374214000000000047e+00 2.220285000000000064e+00 1.241057999999999995e+00
5.052729999999999722e-01 -1.491414000000000017e+00 -7.905550000000000077e-01
-9.744180000000000064e-01 -3.273490000000000011e-01 -6.913559999999999706e-01
7.524809999999999555e-01 -1.337598999999999982e+00 -7.499379999999999935e-01
-1.061069999999999958e+00 -3.720209999999999906e-01 -7.156970000000000276e-01
-1.100154999999999994e+00 -3.414200000000000013e-01 -6.958389999999999853e-01
-1.041096000000000021e+00 -2.994120000000000115e-01 -8.214390000000000303e-01
-1.108594000000000079e+00 -3.060930000000000040e-01 -7.390290000000000470e-01
-9.810339999999999616e-01 -3.168019999999999725e-01 -6.831249999999999822e-01
4.157669999999999977e-01 -7.935119999999999951e-01 -6.011549999999999949e-01
-6.375389999999999668e-01 1.012647999999999993e+00 -2.057015999999999956e+00
-9.984089999999999909e-01 -2.243340000000000056e-01 -7.079020000000000312e-01
-1.091040999999999928e+00 -3.608230000000000048e-01 -6.409449999999999870e-01
-1.135221000000000036e+00 -3.027000000000000246e-01 -6.811059999999999892e-01
-1.077412999999999954e+00 -3.488229999999999942e-01 -6.815529999999999644e-01
-1.066094000000000097e+00 -3.788199999999999901e-01 -6.715360000000000218e-01
-5.555529999999999635e-01 -2.412219999999999920e-01 -6.577819999999999778e-01
