2 -0.232254 0.616876 1.032381 -0.566572 0.093054 0.269940 -0.410190 0.025298 0.139673 0.082209 0.675386 -0.235659 0.904815 0.706836 0.110719 -0.148138 1.081816 0.340218 0.163075 0.599709 -0.614942 -0.533083 -0.094335 0.155317 1.028039 -1.139694 -0.375419 -0.211370 -0.757779 -0.889234 -0.011590 0.394899 -0.292688 -0.411578 -0.662665 
1 0.246357 0.132325 0.429669 0.078838 -0.309698 0.619654 -0.039903 -0.337428 -0.296722 -0.152597 0.273045 0.332496 0.592611 -0.262526 0.701462 -0.391823 0.543174 -0.472280 0.613038 0.023756 0.476608 -0.300918 0.567841 -0.572362 0.741869 -0.026617 0.147392 0.102462 -0.545414 -0.727834 -0.967879 0.707121 0.506851 0.614824 -0.709306 
3 -0.278964 0.631687 0.434466 -0.333491 0.281314 0.457901 0.090603 0.477688 -0.738719 -0.043078 0.571042 -0.873987 0.299363 -0.546856 -0.294804 -1.341012 0.436188 -0.479303 -0.128959 -0.258943 0.334448 -0.529432 -0.146688 1.401011 0.070076 0.087216 -0.286543 -0.607993 0.262419 -0.521723 -0.375832 0.415680 -0.342305 0.379227 -0.549215 
4 -0.268517 1.181227 0.012468 0.253166 0.101120 0.273616 0.482405 0.821706 -0.652057 0.325943 0.972005 -0.795299 1.250031 0.140954 0.057281 -0.069525 0.962831 -0.719181 -0.021363 -0.349798 -0.670802 -0.715642 -0.335455 0.122453 0.787419 0.176786 0.350856 0.433022 -1.221661 -0.794525 0.018260 0.036857 0.096672 0.430266 0.509823 
5 0.087513 0.961945 0.733703 -0.524635 0.021787 -0.041690 0.408357 0.954489 -0.370831 0.250727 -1.055223 0.454340 0.850323 0.605390 -0.511358 -0.979438 0.043825 0.711081 0.807260 -0.293136 -0.215474 -0.074860 -0.724630 0.913019 0.511989 -0.549662 0.986307 0.940978 -0.875106 -0.346892 -0.377594 0.763769 0.347384 0.884786 -0.916735 
6 0.010187 1.472990 0.418930 -0.300954 0.124629 -0.466654 0.622860 0.434374 -0.369560 0.519181 -0.765685 0.907431 0.260775 0.753024 -0.468390 -1.026534 0.148261 0.433635 1.077468 -0.314212 -0.004135 -0.105062 -0.158400 0.554284 0.206207 -0.762912 1.265143 0.893275 -0.382483 -0.029267 0.174706 0.670565 0.196661 0.404395 -1.018495 
7 -0.887676 1.059641 0.325761 0.421994 0.152715 -0.594819 0.269846 0.175211 -0.650817 0.511808 0.233080 1.154757 -0.018799 0.657744 -0.583076 -0.823400 0.774893 -0.882730 0.900976 -0.292107 -0.025065 -0.037702 0.864182 0.050040 0.340155 -0.563912 1.170646 -0.147638 -0.516601 0.464339 -0.145264 0.564131 -0.808048 -0.911247 -0.633293 
8 -0.063403 1.656920 0.644743 0.252910 -0.021788 -0.373988 0.130659 0.513642 -0.251653 0.724668 0.885857 -0.087731 0.162241 0.143540 0.233288 -0.346400 0.328613 -0.477318 0.356202 1.343119 0.349708 -0.130953 -0.504331 0.921836 1.090624 0.423548 -0.448362 0.199297 -0.933207 -0.544145 -0.518839 0.791800 0.307456 0.082121 -0.296996 
9 0.046676 0.767040 0.672173 0.033775 0.014440 -0.070734 -0.311080 0.366323 0.007981 -0.179074 -0.224831 -0.727207 0.490837 1.147637 0.010387 -0.292076 -0.016742 -0.980175 -0.095770 0.550500 -1.613283 0.625572 -0.466249 0.863412 0.659091 -0.853140 0.382403 0.206658 -0.398578 0.085860 0.125117 -0.393185 0.038763 -0.497198 -0.268363 
10 -0.208490 0.340621 0.453690 0.164225 -0.747001 0.002355 0.239193 0.060083 -0.128284 0.107708 0.041980 -0.200065 0.466470 0.413507 1.097926 0.356392 0.298386 -1.128420 0.636228 1.227368 -0.771735 1.196004 -0.206197 0.548911 1.010382 -0.725281 0.074993 0.640223 -1.011689 0.164419 -0.193464 0.374604 0.518045 0.431238 0.105647 
11 -1.234355 0.440011 0.775507 0.428606 0.156666 -0.198730 -0.135407 0.493196 -0.658603 0.376868 0.381780 0.653557 0.293626 0.559401 -0.811202 -0.667389 1.004278 -1.298739 0.652797 -0.089366 0.115251 0.107407 0.821326 0.143790 0.610271 -0.115498 0.894580 -0.544994 -1.185799 0.345567 -0.944342 0.513215 -0.846184 -0.995697 -0.381489 
12 0.394988 1.190260 0.872848 -0.229561 0.754208 -0.344726 -0.634879 1.389698 0.737364 -0.244968 -0.279506 0.195882 0.313183 0.449075 -0.552537 -0.443061 0.805341 -0.631827 0.704469 0.738090 -0.538829 -0.732770 0.870804 0.970886 0.087187 -0.198876 1.384569 0.037327 -1.084492 0.450924 -1.194458 0.549010 -0.606109 0.842981 0.068974 
13 -0.416984 1.062186 1.464597 -0.608812 0.325953 -0.286390 -0.209129 0.612187 -0.069035 0.573690 0.151287 0.040904 0.103408 0.529930 -0.564338 -0.957365 0.737249 0.072403 0.656242 0.889618 0.642551 -0.093429 -0.318294 1.468703 0.864049 -0.635569 -0.323400 -0.346487 -0.398766 0.182236 -0.549360 0.828654 -0.221026 -0.173343 -0.817998 
14 -0.435168 0.927968 0.511796 0.039133 -0.112447 -0.542435 0.083974 0.321162 -0.185218 0.458559 0.417438 -0.060961 0.031999 0.096954 0.450034 -0.161754 0.260196 -0.443722 0.473718 1.289742 0.040905 0.469064 -0.847677 1.084286 0.989409 0.084402 -0.644621 0.107982 -0.634751 0.443019 -0.432176 0.621548 0.173268 0.085158 -0.048676 
17 -0.972592 -0.495898 0.790285 0.228789 -0.749809 0.038018 0.225805 0.230923 -0.763726 -0.130935 -0.787016 1.194744 0.753295 -0.493522 -0.571649 -0.728411 1.036167 -0.463289 0.719385 -0.888427 0.015897 0.722828 0.629291 -0.085031 0.426672 -1.152255 1.412813 0.338306 -1.460349 0.279162 -0.484221 0.757354 -0.248286 1.245406 -1.338169 
18 -0.910546 1.738816 0.120407 0.237628 0.222067 -0.227442 0.449532 0.951463 -0.750624 0.368234 0.345193 -0.134862 0.430564 -0.167723 -0.167934 -0.891349 0.182591 -0.750678 0.579188 0.157435 -0.032708 -0.405484 -0.390500 1.039859 0.037476 0.784200 0.579283 0.260355 -1.157785 0.060253 -0.698246 0.868796 -0.096520 0.246444 -0.205644 
20 -1.216757 1.186857 -0.149373 0.152968 -0.101483 -0.421341 0.556209 0.757541 -0.627602 0.291796 -0.001788 0.012352 0.144330 -0.277313 0.324541 -0.433278 -0.094902 -0.775647 0.749813 0.602889 -0.217702 0.326049 -0.693392 1.228258 0.010660 0.637608 0.333532 0.387312 -1.082874 0.832927 -0.638953 0.878053 -0.104420 0.350036 0.186010 
22 -0.889678 1.747167 0.145096 0.216583 0.223764 -0.208809 0.422079 0.970709 -0.767572 0.368227 0.346915 -0.181025 0.446783 -0.142824 -0.156084 -0.899407 0.197609 -0.783720 0.571040 0.184758 -0.034895 -0.404941 -0.411544 1.086068 0.084853 0.794707 0.572716 0.254302 -1.171721 0.071153 -0.753221 0.865852 -0.075901 0.264024 -0.198186 
26 -0.552100 0.589191 0.799561 0.026344 -0.302022 0.377223 0.804997 0.282692 0.240540 0.829579 0.167623 -0.159687 -0.324361 0.232284 -0.309824 0.398948 0.615363 -0.629406 0.820666 1.178900 1.491989 0.747435 1.877587 0.029184 -0.656283 -0.578800 1.129066 0.668869 -1.085511 -0.943222 0.343677 0.560613 0.368853 0.856363 0.365856 
24 -0.831898 -0.184087 0.823896 0.059006 -0.559953 0.084646 0.552134 0.699120 -0.587063 -0.493553 -0.116957 -0.387555 0.784686 -0.376052 0.571334 -0.616667 0.651952 -0.326291 0.752908 -0.390315 -0.104187 0.960262 0.106645 0.993697 -0.296816 -1.338881 -0.279324 0.009101 0.237622 1.191273 0.736578 0.691580 -0.026667 0.381556 0.227456 
25 -0.083426 0.160125 1.222368 0.270976 -0.057335 0.049032 0.321867 1.431670 -0.590192 -0.063043 0.114957 -0.439916 0.729556 0.349357 0.153333 -0.878972 0.896478 -0.228772 0.878082 0.162078 1.339319 0.781754 1.582842 0.122676 -0.166915 -0.906199 0.291048 -0.579163 0.163414 0.278691 0.524580 1.431688 0.438453 1.094593 0.756210 
28 -0.513951 0.490407 0.504902 -0.098202 -0.724229 0.120955 0.553283 -0.398725 0.424418 0.826957 0.389618 -0.269084 -0.244642 0.172528 0.248946 0.970556 0.646238 -1.066289 0.668561 1.270460 0.046435 0.984587 0.216280 0.590586 0.111304 -0.607743 0.464949 1.052591 -1.515081 -0.318624 0.156691 -0.237309 0.538277 0.178261 0.050322 
29 0.067997 -0.020939 0.609221 0.474384 -0.504857 0.044794 0.232834 0.322948 -0.301315 -0.128114 -0.159537 -0.310673 0.476611 0.628697 1.314907 0.268137 0.119206 -1.029664 0.662277 1.507695 -0.027933 1.534940 0.855864 -0.194489 0.970275 -0.688534 0.144236 0.253542 -0.458399 -0.107424 -0.127099 0.829918 0.725088 0.949579 0.662717 
30 -1.407909 0.672171 0.450297 -0.190558 -0.292621 0.628638 0.518470 -0.649333 0.480603 -0.562830 -0.215562 0.041346 -0.275145 -0.366590 -0.037729 -0.369064 0.302178 -1.415395 0.580158 0.950012 -0.214488 0.666558 0.027338 0.461254 -0.905434 -0.813176 0.317962 1.039989 -0.616473 0.199387 0.520764 -0.579177 -0.153675 0.537807 -0.813281 
27 -1.154672 0.017908 0.161111 0.226689 -1.103664 -0.242291 1.057238 0.726666 -0.753549 -0.043041 -0.358400 0.641212 0.620024 -0.406962 1.069513 0.014753 0.060557 -0.146902 0.896888 0.356624 -0.717727 1.179244 -0.087586 1.207095 0.336091 -1.310722 0.027123 0.705088 -0.495390 0.879624 0.451490 1.221120 -0.592169 0.349315 0.226585 
31 -0.575830 0.386447 -0.192998 0.221320 -0.416759 0.532164 0.386267 -0.122222 -0.795355 -0.643903 -0.088492 -0.556650 0.026167 -0.927077 0.889406 -0.989059 -0.491572 -1.611154 0.335885 0.301093 -0.397215 0.590164 -0.149862 1.220419 -0.342074 0.453176 0.161018 0.129555 -0.154615 0.068918 -0.845100 0.509556 0.189390 0.702839 -0.588212 
32 -0.573029 0.086720 0.851338 -0.650702 0.369249 -0.167601 0.225504 0.693344 -0.407031 0.415021 -0.623698 -1.113187 -0.089889 0.461888 -0.612169 0.089063 0.370727 -0.681662 0.710440 0.010280 0.089441 0.649419 0.245787 1.520941 -0.503847 -0.298335 0.763651 0.001129 -0.690641 0.600929 -0.392438 -0.038737 0.187359 -0.314319 0.282205 
33 0.192592 0.054513 -0.352340 0.263477 -0.988947 0.091696 0.557829 0.293315 -0.234310 0.273937 0.061968 0.548437 -0.256318 0.092594 0.737086 0.269637 -0.584667 -0.487238 0.036048 1.121018 -0.577215 0.809078 0.791930 0.806388 0.270732 -0.699743 0.386711 0.281092 -0.276357 -0.838334 0.264747 0.822917 -0.510844 0.198403 0.028481 
15 -0.812680 0.131340 0.707203 -0.162327 -0.252083 0.361625 0.247657 -0.094866 -0.344459 -0.554504 -0.514250 -0.720390 0.206030 -0.047406 0.418519 -0.581119 0.133580 -1.370653 0.596874 0.421785 -0.596067 1.112588 -0.068525 1.135637 -0.174395 -0.828559 0.237468 0.303131 -0.231829 0.594194 -0.147906 -0.023058 0.179916 0.328665 -0.478778 
16 -0.810106 0.146407 0.692557 -0.154235 -0.251399 0.362316 0.249253 -0.086137 -0.360549 -0.565033 -0.506608 -0.741650 0.220127 -0.035344 0.432592 -0.589807 0.106643 -1.404275 0.588264 0.423352 -0.606711 1.128220 -0.056193 1.162477 -0.184473 -0.804942 0.261015 0.293355 -0.231077 0.590727 -0.162190 -0.000623 0.181279 0.323254 -0.459630 
19 -0.831864 0.163784 0.681817 -0.157563 -0.255167 0.359087 0.254507 -0.082590 -0.348623 -0.570151 -0.498372 -0.730454 0.231585 -0.054163 0.434514 -0.593519 0.117915 -1.394864 0.598935 0.417289 -0.612707 1.114017 -0.071079 1.142787 -0.189020 -0.822358 0.255264 0.310455 -0.226658 0.598944 -0.139417 -0.019075 0.174548 0.344254 -0.462090 
21 -0.812293 0.155287 0.684388 -0.134577 -0.247493 0.363527 0.251257 -0.099458 -0.350989 -0.579849 -0.513580 -0.707565 0.213734 -0.047549 0.439579 -0.609462 0.096609 -1.398260 0.589484 0.431887 -0.627473 1.119087 -0.058970 1.131372 -0.176733 -0.814367 0.271282 0.297424 -0.223221 0.597523 -0.148400 -0.003146 0.173875 0.332073 -0.480330 
23 -0.816014 0.154621 0.679277 -0.136716 -0.252365 0.365473 0.239241 -0.098124 -0.345425 -0.580587 -0.507008 -0.681056 0.224217 -0.043712 0.439841 -0.627580 0.100361 -1.391439 0.592768 0.426388 -0.607384 1.106662 -0.072868 1.125968 -0.166174 -0.815590 0.237540 0.294214 -0.200632 0.615548 -0.157428 -0.002158 0.170617 0.352074 -0.491713 
34 -0.215923 0.108239 0.476001 -0.123502 -0.193338 0.794218 0.556864 0.325998 -0.306875 -0.466416 -0.069663 -0.190456 0.259615 -0.247114 -0.061088 -0.363401 -0.026060 -0.184135 -0.017836 0.055350 -0.086609 -0.172743 1.213645 0.531389 -0.654657 -1.040426 0.207992 0.168552 0.287442 -1.159100 0.722727 0.264627 -0.734720 0.001657 -0.428928 
35 -1.179607 1.185747 0.811091 -0.842920 -0.380515 1.200087 -0.377027 1.400515 0.089961 0.765905 -0.640109 -0.235831 0.822318 1.475297 -0.312307 -0.548146 -0.372117 -0.382706 0.551254 0.271218 0.427300 -0.558733 0.153557 0.133290 0.226379 -0.259993 0.834430 -0.210772 -1.242147 0.564127 -0.883836 1.166698 -0.022346 -0.287630 -0.037904 
