33 -0.555553 -0.241222 -0.657782
26 0.415767 -0.793512 -0.601155
3 0.578705 -1.129781 1.383467
0 1.984712 2.635997 1.351112
14 -2.488832 1.167418 1.898644
5 -2.098561 0.846662 1.902447
10 -2.192280 0.495219 2.470652
34 1.553565 3.145452 1.207421
13 -0.003495 -1.128579 0.559213
27 -0.637539 1.012648 -2.057016
12 0.673933 -1.549839 1.916145
4 -2.222675 0.174768 2.352023
7 0.838043 -1.611907 1.857655
6 -2.122770 1.385992 1.667488
21 -1.061070 -0.372021 -0.715697
19 -0.974418 -0.327349 -0.691356
28 -0.998409 -0.224334 -0.707902
25 -0.981034 -0.316802 -0.683125
9 -1.078894 -0.289652 -0.780556
11 1.762251 2.864774 1.639619
31 -1.077413 -0.348823 -0.681553
16 -1.176833 -0.233584 -0.817314
8 -1.071321 -0.350788 -0.687511
2 -0.345940 1.174748 -2.388353
22 -1.100155 -0.341420 -0.695839
32 -1.066094 -0.378820 -0.671536
24 -1.108594 -0.306093 -0.739029
29 -1.091041 -0.360823 -0.640945
17 1.374214 2.220285 1.241058
30 -1.135221 -0.302700 -0.681106
23 -1.041096 -0.299412 -0.821439
20 0.752481 -1.337599 -0.749938
1 0.745682 -1.311769 -0.637068
15 1.262827 2.331137 1.136061
18 0.505273 -1.491414 -0.790555
