  -7.0956807e-02  -3.2676578e-02  -1.4104325e-02   8.3560609e-15  -3.3760414e-02  -4.3243682e-03  -1.0055552e-14  -1.5555505e-02  -1.2855481e-02   4.1959839e-04  -1.0378027e-02  -1.3748292e-15  -6.0322127e-03  -8.8686471e-16  -9.4993750e-17  -1.1928575e-17   9.0539062e-17   2.4603992e-02  -1.5057194e-03  -4.0781859e-03  -1.8725026e-02   5.6193730e-03   1.7403358e-16   2.4300478e-17  -1.0944064e-17  -1.2283373e-17  -1.0065478e-15   1.9043756e-02   3.9070922e-04  -1.5547811e-03
  -3.4644967e-02  -9.9124522e-02   5.7923837e-03  -1.1964645e-14   4.7530461e-02  -2.1445661e-02  -6.6488497e-14  -1.0037126e-01   2.3247719e-02   4.5018821e-04  -1.3274279e-02  -1.9399383e-15  -7.3065171e-03  -2.8417319e-15  -1.0969605e-16   4.9634326e-18  -5.0697415e-17  -3.5676595e-02   1.5209141e-04  -2.6200479e-04   3.1502567e-02  -1.5532758e-02  -6.4588032e-16  -6.8232457e-17   1.0986582e-17  -2.1587670e-17   1.3823819e-15  -1.9105116e-02   8.9500804e-04  -1.6859569e-05
   6.7189948e-03  -5.5494732e-02  -9.3413535e-03  -1.2898242e-14   5.2933053e-02   3.3514366e-02   5.5707282e-14   8.6789226e-02   8.0471100e-02   2.1379512e-03   1.0372675e-02   2.3979531e-16   3.4229211e-04   9.8206502e-16  -6.4371836e-17   5.1722882e-18  -1.0823533e-16  -7.5413070e-03  -2.0387231e-02  -2.9235977e-02   3.3115055e-03  -3.2791347e-02  -1.7987348e-15   1.9038590e-17  -1.9081958e-18   3.6342457e-17   1.1548922e-16  -7.0829080e-03  -4.6560129e-03  -9.7700666e-03
  -4.3458105e-02  -1.1152899e-01  -1.3978826e-02  -1.6946440e-14   6.8136145e-02  -4.0729669e-02   6.4023581e-14   9.4838473e-02  -1.0951317e-01   3.3100007e-04   3.0770104e-02   6.0216974e-15   3.2264284e-02   5.7887098e-15   4.3097023e-16  -2.3769747e-18  -1.4117246e-16   1.2322499e-03  -5.0998463e-03   3.0744048e-02   1.2722787e-02   1.3227180e-02   8.2761669e-16  -7.3581187e-17  -1.7347235e-17  -1.8214596e-17   2.6729198e-16  -4.0998585e-03  -1.2967197e-04   1.3171835e-03
  -1.4384512e-01   1.1268926e-01   1.2540361e-02  -2.8654787e-15   1.2165415e-02  -1.1242815e-03   5.4601066e-03  -8.6657070e-03  -1.7530294e-02   1.1963070e-04  -2.9803066e-02  -4.7366902e-15  -1.7813183e-03   9.5594412e-15   5.1171011e-16  -1.6685002e-16   4.9276462e-16   1.9635951e-01  -4.5537671e-04  -1.4821948e-01  -5.8851811e-03  -1.4264907e-02   1.0292693e-16  -3.8236197e-17   2.6020852e-18   1.4745150e-17   2.0048344e-15  -3.4624223e-02   1.3536659e-04   2.6061733e-03
  -1.5845301e-01   1.5479560e-01   2.3194329e-02  -9.0315141e-15   3.8042927e-02   3.6641232e-03  -3.5820312e-02   1.3115894e-02   1.2564755e-02   1.0981556e-04   1.4136524e-02   1.3219888e-15  -1.6616217e-03  -3.5962464e-15  -1.4057310e-16   5.0098000e-17  -2.9230502e-16  -6.9061690e-02  -4.2994884e-04   4.4865595e-02  -5.6808039e-03   1.8390781e-03  -1.1449175e-16   7.7391706e-17  -2.1033522e-17  -6.5052130e-18  -6.7654216e-17   2.8124055e-03   1.4164859e-04  -1.7943918e-04
  -1.5845301e-01   1.5479560e-01   2.3194329e-02  -9.0992888e-15   3.8042927e-02   3.6641232e-03   3.5820312e-02   1.3115894e-02   1.2564755e-02   1.0981556e-04   1.4136524e-02   1.5420808e-15  -1.6616217e-03  -3.5447429e-15  -2.4410256e-16   5.7295643e-17   7.8466238e-17  -6.9061690e-02  -4.2994884e-04   4.4865595e-02  -5.6808039e-03   1.8390781e-03  -2.4633073e-16  -2.4001526e-17   2.6020852e-18   1.3444107e-17  -4.8312049e-16   2.8124055e-03   1.4164859e-04  -1.7943918e-04
  -4.0996193e-02  -1.0793524e-01  -1.3438763e-02  -1.6895891e-14   6.8399376e-02  -2.3607758e-02   3.5878062e-14   5.4302358e-02  -2.1382582e-02   4.5880555e-04   2.2738160e-02   9.3836812e-16   3.8525715e-03   6.1881957e-16  -1.2748075e-16  -8.4436497e-17  -6.4688113e-17  -2.6503338e-02  -3.9219012e-03  -3.6301895e-03   5.1259838e-03  -1.1445827e-01  -9.3132967e-15   1.2674323e-16  -1.8995222e-16   5.6378513e-18   2.1816316e-14  -1.1711738e-01  -5.3625043e-04  -2.1052418e-01
   2.5247330e-02  -1.9181186e-02   5.5650526e-02  -9.2811323e-16   2.2256782e-03   7.8953602e-02  -1.6050747e-14  -2.3270924e-02   7.6207235e-02   1.2555916e-03   1.6091724e-01   5.5779737e-15  -6.3255711e-04   1.0101479e-14   2.4806848e-16  -2.8085249e-17   6.3542566e-17   9.3516686e-02  -2.9276681e-04   6.0681282e-02  -4.9704233e-04   2.5775616e-02   5.4140720e-16   3.4694470e-17  -4.9699828e-17   3.4000580e-17  -1.6764368e-15   1.7600886e-02  -2.3652540e-03   3.7197997e-04
   4.0643097e-02  -2.6966942e-02   3.0294667e-02  -1.1872571e-14   4.7294375e-02   5.1888934e-02   1.0665628e-13   1.6806084e-01   2.1319862e-01   1.5162215e-03  -6.0072576e-02  -1.8560996e-15   7.0709577e-04   7.8494868e-16   3.9245227e-16  -9.4913814e-18  -1.1966895e-16  -5.2127759e-02   2.2058342e-03  -1.4979226e-01   8.0019693e-04   5.0107349e-02   2.3869795e-15   2.7061686e-16  -4.3368087e-17   7.9797280e-17  -1.1241008e-14   2.5773199e-01   8.0799203e-03  -1.7972030e-02
  -1.4384512e-01   1.1268926e-01   1.2540361e-02  -2.7443605e-15   1.2165415e-02  -1.1242815e-03  -5.4601066e-03  -8.6657070e-03  -1.7530294e-02   1.1963070e-04  -2.9803066e-02  -4.8463211e-15  -1.7813183e-03   9.4850260e-15   6.5359139e-16  -1.7964096e-16  -1.6741674e-17   1.9635951e-01  -4.5537671e-04  -1.4821948e-01  -5.8851811e-03  -1.4264907e-02   1.0697461e-16  -1.6776222e-16  -9.8300997e-18   4.9150498e-18   2.4239147e-15  -3.4624223e-02   1.3536659e-04   2.6061733e-03
  -9.4719874e-02  -7.3869796e-02  -5.7509730e-02   6.8504439e-02  -3.7682396e-01   2.7007104e-02   4.1873024e-14   6.3749769e-02   3.5589260e-02   2.0917448e-04   2.3806292e-02   1.1608637e-15  -3.1365392e-03  -1.1334683e-15  -4.2151547e-17   2.0535825e-17  -1.2105898e-16  -5.0067886e-02  -8.0597017e-04   7.8570875e-03  -1.0512244e-02  -8.4629775e-03  -6.4011296e-16  -4.3368087e-17   2.7755576e-17  -4.1633363e-17   1.5473733e-15  -2.6117224e-02   2.4960046e-04   2.0733639e-03
  -6.5486141e-02  -1.0516176e-01  -2.3763970e-02  -9.2401259e-15   3.7533771e-02  -6.3630146e-02   9.0405888e-14   1.3127355e-01  -2.5306200e-01   2.7305845e-04   5.2982364e-02  -3.5141144e-16  -8.1902693e-03   1.1016008e-15   4.9040553e-16   2.8891034e-17   1.8189381e-16   7.3285591e-02  -9.1781597e-04   8.9143678e-02  -6.3589243e-03   1.3808830e-01   6.9839967e-15   1.9428903e-16  -1.1362439e-16   1.0234869e-16  -1.5048726e-14   2.4101138e-01   1.1918815e-04  -4.6850728e-03
  -1.8540922e-02  -8.1690267e-02   4.1958501e-03  -1.3121788e-14   5.2396611e-02  -1.8622547e-02   3.3198843e-14   5.0558684e-02  -7.6683804e-03   9.0650448e-04  -1.3792927e-02  -7.4259009e-17   3.0996403e-03  -1.2455098e-15  -2.8214688e-16  -5.9793224e-17  -8.0954699e-17  -3.1196982e-02  -2.4079827e-03  -1.3282081e-02   4.1382831e-03   2.6755519e-02   5.6541577e-15  -3.3723024e-16   2.9351521e-16  -1.8804402e-16  -6.7651613e-15  -1.2653443e-01   2.6186277e-03   2.2839761e-01
   7.8985629e-02   3.5415223e-02   9.7479586e-02   6.1898942e-15  -2.8014220e-02   6.2171061e-02  -1.3597293e-15  -4.3097462e-03  -9.5375860e-02   1.8242663e-03  -4.1960295e-02  -1.9386289e-15   2.6928736e-04   2.9994794e-03   8.9184716e-04   4.9055603e-04  -2.3241313e-04  -4.4275312e-02   4.1931332e-03  -3.9351244e-02   1.7978748e-04  -2.5773467e-02  -1.6760596e-01   6.5761165e-02   4.0175629e-01  -7.8520753e-02   3.5388359e-16  -1.7576152e-03  -1.7392642e-03  -4.6534801e-03
   7.8985629e-02   3.5415223e-02   9.7479586e-02   6.0901470e-15  -2.8014220e-02   6.2171061e-02  -1.4770760e-15  -4.3097462e-03  -9.5375860e-02   1.8242663e-03  -4.1960295e-02  -1.5693845e-15   2.6928736e-04  -8.0490583e-04   4.3986395e-04  -2.0727137e-03  -2.2247322e-03  -4.4275312e-02   4.1931332e-03  -3.9351244e-02   1.7978748e-04  -2.5773467e-02  -3.4581938e-01   6.2774323e-02  -2.7611997e-01   1.4697359e-02   9.0205621e-17  -1.7576152e-03  -1.7392642e-03  -4.6534801e-03
  -1.7880528e-01   2.0772940e-01   3.5500654e-02  -1.5763655e-14   6.5587462e-02   7.9530786e-03   1.9928503e-14   3.1220933e-02   3.4629165e-02   8.1578722e-05   4.3363964e-02   5.2244682e-15  -1.2653683e-03  -1.1303838e-14  -6.4635458e-16   1.4041434e-16  -3.3083869e-16  -2.3139272e-01  -3.3297389e-04   1.5759792e-01  -4.5207904e-03   8.6873343e-03  -6.1062266e-16   4.9005938e-17   3.8163916e-17   7.9797280e-17  -1.1275703e-15   1.5759889e-02   1.2100878e-04  -1.0692074e-03
  -6.0932207e-02  -9.6441047e-02  -6.9114857e-03  -3.9325927e-15   1.5466029e-02  -3.8023403e-02  -1.3216194e-13  -2.0014998e-01   2.4491557e-02   2.5107341e-04  -6.6546771e-02   5.5222500e-03  -2.0791194e-03  -5.4543201e-15  -1.1116075e-16  -7.9988349e-17  -3.7960081e-17  -4.1272381e-02  -7.1896610e-04  -1.6793878e-02  -1.2482067e-03  -1.3204915e-01  -5.2388649e-15   8.3266727e-17  -8.9121419e-17   6.3523405e-16   3.5351026e-01   1.4214845e-01   3.6820717e-04   5.2013786e-02
   7.8985629e-02   3.5415223e-02   9.7479586e-02   6.0541526e-15  -2.8014220e-02   6.2171061e-02  -1.2301911e-15  -4.3097462e-03  -9.5375860e-02   1.8242663e-03  -4.1960295e-02  -2.5621057e-15   2.6928736e-04  -9.1333183e-04   1.3935245e-03  -8.7789498e-04   2.5573705e-03  -4.4275312e-02   4.1931332e-03  -3.9351244e-02   1.7978748e-04  -2.5773467e-02   1.9313074e-01  -9.4369788e-02  -1.0241376e-01  -3.7854484e-01   7.9797280e-16  -1.7576152e-03  -1.7392642e-03  -4.6534801e-03
  -1.6374708e-02  -5.5462942e-02   2.1154850e-02  -1.5253923e-15   4.9107586e-03  -2.4694481e-02  -8.3911204e-14  -1.2610796e-01   3.4771799e-02   1.0614193e-03  -1.0812617e-01  -2.9490220e-15  -2.4144514e-03  -6.0688265e-15  -5.3438397e-16   1.2905202e-16   2.9082363e-19  -4.5554289e-02   1.0650227e-03  -3.1891673e-02   3.5737370e-03   3.0128112e-01   1.1217878e-14  -2.1626219e-16   4.5319651e-17   9.0151411e-17   1.3667308e-14  -7.4167516e-02   5.4164147e-03  -1.2277344e-01
   7.8985629e-02   3.5415223e-02   9.7479586e-02   5.9786917e-15  -2.8014220e-02   6.2171061e-02  -1.2988156e-15  -4.3097462e-03  -9.5375860e-02   1.8242663e-03  -4.1960295e-02  -2.3301877e-15   2.6928736e-04  -1.4496160e-03   3.6429050e-04   2.6920874e-03  -7.7813927e-04  -4.4275312e-02   4.1931332e-03  -3.9351244e-02   1.7978748e-04  -2.5773467e-02   7.7350007e-02  -3.5784152e-01   1.6485131e-02   2.5629003e-01  -4.5102810e-16  -1.7576152e-03  -1.7392642e-03  -4.6534801e-03
  -6.0932207e-02  -9.6441047e-02  -6.9114857e-03  -3.9950229e-15   1.5466029e-02  -3.8023403e-02  -1.3226676e-13  -2.0014998e-01   2.4491557e-02   2.5107341e-04  -6.6546771e-02  -5.5222500e-03  -2.0791194e-03  -5.8070073e-15  -1.2399192e-16   7.7202345e-17  -3.5868509e-17  -4.1272381e-02  -7.1896610e-04  -1.6793878e-02  -1.2482067e-03  -1.3204915e-01  -5.2874372e-15   3.9551695e-16  -6.3100566e-17  -6.0048537e-16  -3.5351026e-01   1.4214845e-01   3.6820717e-04   5.2013786e-02
   7.8985629e-02   3.5415223e-02   9.7479586e-02   6.0177228e-15  -2.8014220e-02   6.2171061e-02  -1.1814839e-15  -4.3097462e-03  -9.5375860e-02   1.8242663e-03  -4.1960295e-02  -2.7746865e-15   2.6928736e-04   1.6837421e-04  -3.0895261e-03  -2.3203472e-04   6.7791408e-04  -4.4275312e-02   4.1931332e-03  -3.9351244e-02   1.7978748e-04  -2.5773467e-02   2.4294460e-01   3.2367582e-01  -3.9707686e-02   1.8607821e-01   6.9388939e-18  -1.7576152e-03  -1.7392642e-03  -4.6534801e-03
   8.5480494e-02   6.1087140e-02  -7.0390589e-02   3.1547156e-15  -1.0478697e-02  -1.0167570e-01  -8.3772805e-15  -1.3316101e-02  -9.9131123e-03  -7.3519250e-03   7.8745190e-02   1.4638440e-15   6.3531944e-05   3.1175553e-15   2.6594954e-16  -8.9867012e-17  -8.6724972e-17  -3.3780460e-02   1.3026839e-03  -6.2686912e-02   2.6223637e-05  -1.4217023e-02  -8.1588382e-16  -1.3877788e-18  -3.9188488e-17   6.6109227e-18  -2.8137215e-16  -3.2723360e-03  -1.0024757e-03  -7.3724175e-03
   7.6891079e-02   6.8008752e-02  -2.4746676e-01  -3.1593669e-15   2.1862436e-02   3.5206979e-02  -2.8102310e-14  -4.3372385e-02  -2.9936519e-02  -8.3447378e-04   3.4199046e-02   5.6849338e-16  -5.4006893e-05   5.4560388e-16  -3.5385819e-17  -2.5165437e-17  -5.7057459e-17  -1.7044220e-02  -3.7968056e-05  -1.6724341e-02  -2.2097595e-04   2.3424036e-02   9.0436917e-16  -4.4524569e-17   3.8742158e-17  -1.7347235e-17  -1.0177044e-16   4.5834050e-03  -1.8456384e-03   8.0664728e-03
   8.1696325e-02   7.6248459e-02  -2.3238134e-01   1.1753063e-17   8.9758812e-03   2.3354510e-03  -3.8755166e-14  -6.0234839e-02  -5.4462144e-02  -1.4909375e-03   2.7888067e-02   6.8426550e-16  -5.9975719e-05   9.5286137e-17  -5.7974768e-17  -1.6246844e-17   2.6807946e-17   3.0424278e-03   1.5615681e-04   2.2953992e-02  -2.2833284e-04  -2.1422496e-04   2.8680761e-16  -1.1102230e-16  -3.5760602e-17  -1.5982947e-17   9.5294143e-16   7.1328500e-03   2.9547382e-03  -9.7609321e-05
   8.8481180e-02   5.5708543e-02   7.5238911e-02   1.0252958e-14  -4.6025201e-02  -3.1054218e-01   2.2551474e-14   3.7058722e-02   9.0121562e-02   1.7962333e-02  -5.6829113e-02   1.6870452e-16   3.3642866e-04  -9.9494356e-18  -1.5210101e-16   1.3531559e-16   2.4712337e-16   7.8766252e-02   3.9333791e-03   1.1017146e-01   1.9021608e-04  -9.4098443e-03  -9.6537361e-16   2.7755576e-17  -6.9388939e-18   2.4286129e-17   2.1371793e-15   1.6929245e-03   1.0741894e-02   1.9188556e-03
   6.7758082e-02   3.5048880e-02  -1.2344557e-01  -5.3905933e-15   2.6204681e-02  -1.9199454e-02   1.4669398e-14   2.3042493e-02   3.9911990e-02  -6.6300106e-04   9.1305252e-02   1.2873026e-15   8.2366097e-05   3.9759136e-15   3.0930367e-16  -1.3580779e-16  -3.0384381e-16  -7.1841620e-02  -1.2767103e-03  -1.3541460e-01   2.8011777e-04   2.5461076e-02   7.5655628e-16   5.4210109e-17   6.9388939e-17  -8.2399365e-18  -1.4016566e-15  -6.8128484e-03  -2.5380619e-05   5.2566757e-03
   4.7865038e-02   1.9015641e-03  -5.3481880e-02  -7.0248270e-15   3.1771711e-02   9.7079839e-02   5.3655447e-14   8.4740651e-02   1.0207798e-01   1.3093712e-03  -1.8753891e-01  -2.7022238e-15   7.3189584e-05  -6.2703686e-15  -1.2316996e-16   2.1382747e-16   3.2311379e-16   8.3877730e-02  -2.4124898e-03   1.4733360e-01   3.8032112e-04  -3.7818818e-02  -1.6549262e-15   4.1633363e-17  -4.6259293e-17   2.3707888e-17   1.1703601e-15  -2.8846469e-02   3.6657949e-03  -7.5639046e-03
   8.8706762e-02   5.7682991e-02   4.7081557e-02   8.8752448e-15  -3.8975261e-02  -2.3337364e-01   1.0494190e-14   1.6339902e-02   3.8352437e-02  -4.9258489e-02   1.9671538e-03   9.0779463e-16  -1.5381827e-04   5.5076168e-16  -5.0438810e-17   6.0078132e-17   5.8730593e-17   3.8221963e-02   4.9557736e-04   4.7915634e-02  -8.6968333e-07  -3.5344460e-02  -1.9450587e-15   4.1633363e-17  -4.0766002e-17  -6.2883726e-17  -4.3021142e-16  -2.4371264e-03  -7.6097925e-03  -9.5000449e-03
   3.5903542e-02  -2.5614974e-02   7.3098368e-02  -3.5938231e-15   1.1616668e-02   6.9388514e-02  -6.6320485e-14  -1.0041829e-01   6.2843232e-02   1.2488201e-03   1.6948369e-01   6.0157259e-15  -1.0180682e-03   9.1956971e-15   7.0676459e-16  -1.8844206e-17  -8.1384215e-18   7.1203631e-02   2.0745137e-03   8.5505259e-02   4.5682515e-03   3.5676386e-02   1.3817072e-15  -5.5511151e-17  -1.5504091e-17  -2.3744028e-17  -1.9081958e-17  -9.4461164e-03  -2.1471631e-03   1.0759484e-02
   5.3494751e-02   3.8968752e-02  -1.2482592e-01   6.8784596e-16   2.6960389e-03   6.8348169e-02  -1.0428015e-14  -1.5887082e-02  -1.6749205e-02   3.5987673e-04  -8.9529518e-02  -1.5538112e-15  -3.2888598e-04  -3.7670034e-15  -1.9896235e-16   7.6421610e-17   1.8360882e-16   5.5097975e-02   5.4814150e-04   1.0045776e-01  -1.1577632e-03  -1.0528254e-02  -2.6765338e-16   1.9660199e-17  -3.7585675e-17  -1.0769742e-17   5.6320689e-16   2.0180019e-03   5.1301568e-04  -1.0825866e-03
   7.1618765e-02   2.8963449e-02   6.6228414e-02   4.1476860e-15  -1.8939443e-02   3.9824669e-02  -6.6635969e-15  -1.1508099e-02  -5.1541364e-02   2.3707684e-03   1.7421410e-02   3.3623910e-16   5.1088844e-04   5.3639969e-16  -9.0992545e-18   2.9426954e-17  -5.1668246e-17  -4.6756069e-03   9.0943007e-03  -1.8843410e-03   2.1344292e-04  -3.7549120e-02  -1.9750730e-15   5.8691478e-17  -5.2186265e-17  -2.2135794e-17  -5.3439602e-15  -2.8725076e-03  -3.8419058e-02  -1.0328779e-02
   6.4021178e-02   1.9438217e-02   4.4868168e-02   1.5504782e-15  -7.8648476e-03   1.1959800e-03   5.7858239e-15   9.2246044e-03   1.1742076e-02   5.4213681e-03  -3.1618889e-02  -6.6182716e-16   5.7503657e-04  -9.2633477e-16   9.2679561e-18  -6.6667959e-18   2.8567035e-17  -6.9550185e-03   7.5314705e-03  -7.1307206e-03   3.9825703e-04   3.6786044e-02   2.1619502e-15  -1.9592171e-17   5.8291811e-17  -1.9502884e-17   3.6593482e-15   2.9690572e-03   2.8228798e-02   1.0739582e-02
  -9.4719874e-02  -7.3869796e-02  -5.7509730e-02  -6.8504439e-02  -3.7682396e-01   2.7007104e-02   4.1942323e-14   6.3749769e-02   3.5589260e-02   2.0917448e-04   2.3806292e-02   1.2239538e-15  -3.1365392e-03  -1.0966965e-15  -1.3922970e-18   5.9582676e-17  -7.4355599e-17  -5.0067886e-02  -8.0597017e-04   7.8570875e-03  -1.0512244e-02  -8.4629775e-03  -6.1582683e-16  -4.5102810e-17  -4.1633363e-17   1.5265567e-16   1.5161483e-15  -2.6117224e-02   2.4960046e-04   2.0733639e-03
