-0.0709568069301270 -0.0326765778536553
-0.0346449672440873 -0.0991245216722531
0.00671899478241677 -0.0554947317531255
-0.0434581045465228 -0.111528991710646
-0.143845116470517  0.112689258859684
-0.158453007092468  0.154795595668650
-0.158453007092468  0.154795595668651
-0.0409961928671516 -0.107935242483364
0.0252473304827186  -0.0191811857543767
0.0406430966025579  -0.0269669424509831
-0.143845116470517  0.112689258859684
-0.0947198737486254 -0.0738697958739503
-0.0654861410942098 -0.105161764613510
-0.0185409219584904 -0.0816902673655301
0.0789856288438522  0.0354152230876514
0.0789856288438523  0.0354152230876514
-0.178805283563823  0.207729397346926
-0.0609322073399304 -0.0964410468064044
0.0789856288438523  0.0354152230876514
-0.0163747080002890 -0.0554629415408728
0.0789856288438523  0.0354152230876514
-0.0609322073399305 -0.0964410468064044
0.0789856288438523  0.0354152230876515
0.0854804936641032  0.0610871397198882
0.0768910785919720  0.0680087524558286
0.0816963250346462  0.0762484590328644
0.0884811803050310  0.0557085430564407
0.0677580822768415  0.0350488798569335
0.0478650376173449  0.00190156414705392
0.0887067624978095  0.0576829914211430
0.0359035416607382  -0.0256149743209440
0.0534947509599005  0.0389687516229359
0.0716187650004167  0.0289634485470629
0.0640211775725481  0.0194382173844370