   2.0691903e-02   1.1475961e-02   5.8042178e-03  -1.4130376e-02   1.9766700e-03   8.2443384e-03   1.2910814e-02   3.4038723e-03   3.5441662e-03  -2.8540950e-03   4.1637617e-03   2.0811389e-02   8.6659642e-17   2.2918121e-16   1.0350432e-15  -4.5055297e-16   2.6829539e-16  -2.6449431e-16   3.4780887e-16  -9.5489512e-17  -2.2162274e-02   1.4938376e-02  -2.1270650e-02   2.1239773e-02   1.9622140e-03  -1.3482680e-02   1.2519898e-02  -1.8262273e-04   2.5951811e-16  -2.8316546e-02
   9.9040012e-03   3.4771929e-02  -2.4616214e-03   2.4115910e-02   9.4975153e-03   3.8499365e-02  -2.6868093e-02   1.2416831e-03   2.7908814e-03   1.0444229e-02  -9.8720987e-03  -1.7216780e-02  -3.8356664e-17  -2.4989655e-16  -1.1138370e-15   5.0470816e-16  -2.1799692e-16   2.6849664e-16  -3.3027208e-16   1.0526398e-16   2.0382140e-02  -2.0143948e-02   1.2360511e-02  -1.0203991e-02  -5.1862594e-03   2.8076812e-02  -4.3075875e-02  -3.7543562e-03   4.1426905e-16  -3.5189659e-02
  -1.4816115e-03   1.9751863e-02   2.0564474e-03   2.3280469e-02  -1.3595710e-02  -3.8954884e-02  -1.7378249e-02   2.4930308e-02  -1.7343844e-02  -1.1827806e-03  -2.1826765e-02   8.0257467e-03   3.2265857e-17   9.8879238e-17   1.9220736e-16  -5.4817262e-17   1.5161483e-16  -1.3877788e-16   1.3496149e-16  -4.9266147e-17  -1.9669143e-02  -1.7366814e-02   2.2729297e-02   2.1399070e-02  -1.5183320e-02   2.7848472e-03   3.4064158e-03   3.9113261e-02  -3.2438296e-15   6.8902048e-03
   1.2483873e-02   3.8204893e-02   4.0214192e-03   3.0805258e-02   1.7016906e-02  -3.3590454e-02   3.4361727e-02  -4.5948373e-02   4.4911777e-03  -7.4142375e-03   9.0959952e-03  -1.5776383e-02  -8.0736922e-17  -1.9313255e-16  -5.6222525e-16   2.3617537e-16  -1.8142316e-16   9.5554351e-17  -2.1279275e-16   4.7849456e-17   1.7586615e-02  -6.1973584e-03   1.3560797e-02  -5.1304701e-02  -2.2281496e-02  -6.9218980e-02   2.3584897e-02   2.6780759e-03   2.2198583e-17  -7.6298882e-03
   4.1694426e-02  -3.6550436e-02  -4.2173202e-03   3.1934632e-03   1.5509843e-03   1.3526638e-02   8.3606636e-02   6.2802193e-02  -2.9362887e-02   7.7474304e-03  -6.1304629e-03  -2.2570615e-02   5.8340746e-03  -4.0664635e-02  -2.2595717e-02   2.5999773e-02   1.3750477e-02   7.0178614e-03  -5.1036383e-02  -6.4829995e-02   1.8151478e-02  -1.0989354e-02   1.4166370e-02  -1.5480242e-02  -2.0311816e-03   2.2166251e-02   2.1102293e-02  -3.0402248e-06  -4.0228527e-16   4.0838443e-03
   4.6617111e-02  -5.3465881e-02  -9.3611857e-03   1.6128045e-02  -1.7288923e-03  -8.2038942e-03  -2.7379222e-02  -1.7340004e-02   5.7616499e-03  -8.1578492e-04   1.8031882e-04   4.3581919e-05  -5.8340746e-03   4.0664635e-02   2.2595717e-02  -2.5999773e-02  -1.3750477e-02  -7.0178614e-03   5.1036383e-02   6.4829995e-02  -3.6012357e-04   7.1837091e-04  -3.7632918e-03   1.0062714e-02   2.4640327e-03  -3.6209158e-02  -6.1868284e-02   1.9019620e-04  -2.1311015e-16   1.7487869e-02
   4.6617111e-02  -5.3465881e-02  -9.3611857e-03   1.6128045e-02  -1.7288923e-03  -8.2038942e-03  -2.7379222e-02  -1.7340004e-02   5.7616499e-03  -8.1578492e-04   1.8031882e-04   4.3581919e-05   5.8340746e-03  -4.0664635e-02  -2.2595717e-02   2.5999773e-02   1.3750477e-02   7.0178614e-03  -5.1036383e-02  -6.4829995e-02  -3.6012357e-04   7.1837091e-04  -3.7632918e-03   1.0062714e-02   2.4640327e-03  -3.6209158e-02  -6.1868284e-02   1.9019620e-04   2.5114346e-16   1.7487869e-02
   1.1933648e-02   3.6370397e-02   3.8327408e-03   2.9561352e-02   9.6326680e-03  -1.9293539e-02   2.7446132e-03  -1.5781344e-02  -7.1561836e-03  -1.4348254e-03  -4.7459153e-02  -4.1006793e-02   1.2299311e-02   2.1600334e-02   2.3315274e-02  -7.9074843e-03   1.8247400e-02  -1.3668794e-02   3.5507242e-02  -1.9352190e-02   1.2030594e-02   5.0803660e-02  -2.6768255e-02   1.3846479e-02   2.5880236e-02   3.1309916e-02   1.9973364e-03  -1.9040295e-02   1.3148734e-15   2.9174579e-02
  -7.2181825e-03   6.2975960e-03  -1.8751864e-02  -2.4829069e-04  -3.1886132e-02   4.9064583e-03  -1.4674952e-02   1.1904832e-02  -4.5467324e-02  -7.4971157e-02   2.3143527e-02   1.4653060e-02   7.9987015e-17   1.8682972e-16   1.1858570e-15  -5.1833537e-16   2.7686187e-16  -4.3723705e-16   2.5916769e-16  -5.6551985e-17  -3.8782548e-02   3.2617433e-02   3.6043533e-02  -4.9760698e-02   8.4848949e-03   1.8213969e-02  -2.4843642e-02  -1.8155983e-02   1.4311147e-15  -3.7337230e-03
  -1.1738944e-02   8.8990199e-03  -1.1993734e-02   1.7201199e-02  -1.8364962e-02  -6.4599111e-02  -3.7827161e-02   7.1417407e-02  -7.1353724e-03   4.0719099e-02   1.2657836e-02   5.9463293e-02   1.6270340e-02   1.2627307e-02   1.2993926e-01  -5.3335071e-02  -4.8302379e-02  -4.6837913e-02  -1.1276972e-01   5.0756497e-02   2.9577091e-02  -2.0512143e-02  -4.8236837e-02  -2.2916722e-02   1.5617485e-02  -7.6800781e-03  -1.6267839e-03  -5.5296719e-02   4.6221536e-15  -1.4614035e-02
   4.1694426e-02  -3.6550436e-02  -4.2173202e-03   3.1934632e-03   1.5509843e-03   1.3526638e-02   8.3606636e-02   6.2802193e-02  -2.9362887e-02   7.7474304e-03  -6.1304629e-03  -2.2570615e-02  -5.8340746e-03   4.0664635e-02   2.2595717e-02  -2.5999773e-02  -1.3750477e-02  -7.0178614e-03   5.1036383e-02   6.4829995e-02   1.8151478e-02  -1.0989354e-02   1.4166370e-02  -1.5480242e-02  -2.0311816e-03   2.2166251e-02   2.1102293e-02  -3.0402248e-06   1.5158684e-16   4.0838443e-03
   2.7853107e-02   2.6531097e-02   2.5351909e-02  -1.6882216e-01  -8.7143257e-03  -2.4881807e-02  -2.8773680e-02  -7.0726859e-03  -6.5076390e-03   4.3968232e-03  -5.1676431e-03  -2.1922299e-02  -1.1600963e-16  -2.2423334e-16  -1.2706849e-15   5.3261432e-16  -2.5944958e-16   3.8163916e-16  -4.5354887e-16   9.8499767e-17   1.9096602e-02  -1.1641989e-02   1.4073234e-02  -1.2632231e-02  -1.0986031e-03   7.3762399e-03  -6.6160420e-03   9.1583407e-05   2.5000000e-01   1.3477271e-02
   1.9034880e-02   3.4680073e-02   7.9951740e-03   1.5386994e-02   2.4565845e-02  -3.7905836e-02   8.5747745e-02  -8.2016675e-02   1.7645216e-02  -2.9265067e-02   6.8256756e-02   9.9359077e-02   2.8349176e-16   9.6038628e-16   4.4304838e-15  -1.9617554e-15   1.0525435e-15  -1.2962721e-15   1.4589024e-15  -4.4669130e-16   2.8502574e-02  -3.0871023e-02   1.5075210e-02   4.4122598e-02   2.5848244e-02   9.9898998e-02  -4.0460141e-02  -2.5103670e-03  -5.1514495e-16   3.2647135e-02
   5.1913759e-03   2.7140754e-02  -2.4006378e-03   2.1936603e-02   7.3938987e-03  -1.7971221e-02  -3.2619908e-04  -3.2822279e-03   6.6553920e-03   1.6488164e-02   1.2038543e-02  -7.2371038e-02  -1.2299311e-02  -2.1600334e-02  -2.3315274e-02   7.9074843e-03  -1.8247400e-02   1.3668794e-02  -3.5507242e-02   1.9352190e-02  -2.7553690e-02   7.9040269e-03  -2.2932141e-02   1.4472408e-02   1.9225277e-02   2.3321478e-02   2.4740892e-03  -2.1612117e-02   1.5650674e-15   1.9997168e-02
  -2.2931139e-02  -1.1905656e-02  -3.2876950e-02  -1.3155823e-02  -2.7911441e-02   5.5235101e-03   2.0849721e-02  -2.5097459e-02   9.3100333e-03   3.5522674e-02  -7.5700322e-03  -3.0598909e-03  -1.3172268e-02   1.5357540e-01  -8.0076854e-02   8.8355234e-02   1.7775647e-01   6.4985900e-02  -1.4623741e-01   1.0801285e-01   2.5521218e-04   6.3002596e-03   1.9254140e-02   1.0328205e-02   4.7386036e-03  -2.9280349e-03  -3.6719018e-03   9.7781405e-03  -6.3463627e-16  -2.3339698e-02
  -2.2931139e-02  -1.1905656e-02  -3.2876950e-02  -1.3155823e-02  -2.7911441e-02   5.5235101e-03   2.0849721e-02  -2.5097459e-02   9.3100333e-03   3.5522674e-02  -7.5700322e-03  -3.0598909e-03  -7.9935709e-02  -6.0373824e-02  -1.1559331e-01   1.5330004e-01  -1.7530656e-01   2.3001840e-02   2.0467661e-02   4.7555335e-02   2.5521218e-04   6.3002596e-03   1.9254140e-02   1.0328205e-02   4.7386036e-03  -2.9280349e-03  -3.6719018e-03   9.7781405e-03  -6.1466248e-16  -2.3339698e-02
   5.3493918e-02  -7.4644477e-02  -1.5234495e-02   2.9764785e-02  -4.4722175e-03  -2.4538314e-02  -9.9326437e-02  -6.6855618e-02   2.5304594e-02  -4.6500248e-03   1.8564410e-03   1.7200610e-03   3.0642264e-17  -2.7254132e-17   1.7768718e-16  -6.6448041e-17   6.2395306e-17  -1.9016906e-16   1.0909784e-16  -2.3039296e-17   4.4865444e-03  -5.0742018e-03   1.4716861e-02  -2.9535615e-02  -6.2690129e-03   8.7477290e-02   1.3866300e-01  -3.8266577e-04  -1.5997276e-16  -3.1765533e-02
   1.7554657e-02   3.2283668e-02   2.7198888e-03   9.2142998e-03   1.4840442e-02   6.9906536e-02  -2.5317133e-02   8.9556347e-03   1.3911450e-02   2.1632118e-02  -2.9384594e-02   7.0934780e-02   5.9354436e-03  -1.6571617e-01   2.2201231e-03  -2.9373910e-02   3.9623334e-02   1.1495233e-01  -1.8878604e-02   1.3695677e-01   1.1088761e-02   1.8384738e-02   1.7422150e-02  -1.6195860e-02   4.1013219e-03  -1.7628898e-02   3.4241966e-02   3.9605078e-03  -6.7119181e-16   5.7677366e-02
  -2.2931139e-02  -1.1905656e-02  -3.2876950e-02  -1.3155823e-02  -2.7911441e-02   5.5235101e-03   2.0849721e-02  -2.5097459e-02   9.3100333e-03   3.5522674e-02  -7.5700322e-03  -3.0598909e-03  -2.3395221e-01  -1.3990001e-02   1.1336845e-01  -1.3366004e-01   2.1453296e-02  -4.8856807e-02   3.2974590e-02  -7.6007157e-02   2.5521218e-04   6.3002596e-03   1.9254140e-02   1.0328205e-02   4.7386036e-03  -2.9280349e-03  -3.6719018e-03   9.7781405e-03  -6.2637258e-16  -2.3339698e-02
   4.4438667e-03   1.8263173e-02  -7.2981249e-03   3.2887349e-03   9.3732350e-03   4.2377041e-02  -2.1081238e-02   2.1541835e-02   2.9908198e-02   4.3814786e-02   6.3753380e-02  -1.8652820e-02   2.0000076e-02  -7.9705363e-03  -1.3061641e-02   1.5094126e-02   3.1662346e-02  -9.0329917e-02   3.0544822e-02  -1.0743583e-02  -5.4571101e-02  -4.2308344e-02   9.0855384e-03  -5.1385323e-03   2.6936016e-04  -1.4630024e-02   2.4288344e-02  -7.9927961e-03   4.3412121e-16   3.2880751e-02
  -2.2931139e-02  -1.1905656e-02  -3.2876950e-02  -1.3155823e-02  -2.7911441e-02   5.5235101e-03   2.0849721e-02  -2.5097459e-02   9.3100333e-03   3.5522674e-02  -7.5700322e-03  -3.0598909e-03   9.9029926e-02  -6.4823918e-02   1.4353588e-01   8.2810143e-02   1.2052234e-01   2.5490756e-02   1.1255958e-01  -5.6325391e-02   2.5521218e-04   6.3002596e-03   1.9254140e-02   1.0328205e-02   4.7386036e-03  -2.9280349e-03  -3.6719018e-03   9.7781405e-03  -6.3376393e-16  -2.3339698e-02
   1.7554657e-02   3.2283668e-02   2.7198888e-03   9.2142998e-03   1.4840442e-02   6.9906536e-02  -2.5317133e-02   8.9556347e-03   1.3911450e-02   2.1632118e-02  -2.9384594e-02   7.0934780e-02  -2.5935519e-02   1.7368671e-01   1.0841518e-02   1.4279783e-02  -7.1285680e-02  -2.4622414e-02  -1.1666219e-02  -1.2621319e-01   1.1088761e-02   1.8384738e-02   1.7422150e-02  -1.6195860e-02   4.1013219e-03  -1.7628898e-02   3.4241966e-02   3.9605078e-03  -6.8690654e-16   5.7677366e-02
  -2.2931139e-02  -1.1905656e-02  -3.2876950e-02  -1.3155823e-02  -2.7911441e-02   5.5235101e-03   2.0849721e-02  -2.5097459e-02   9.3100333e-03   3.5522674e-02  -7.5700322e-03  -3.0598909e-03   2.2032950e-01   1.5183217e-02  -2.4857250e-02  -2.1380698e-01  -1.5784049e-01   1.2039434e-02  -1.4802002e-02  -3.1844245e-02   2.5521218e-04   6.3002596e-03   1.9254140e-02   1.0328205e-02   4.7386036e-03  -2.9280349e-03  -3.6719018e-03   9.7781405e-03  -6.3870876e-16  -2.3339698e-02
  -2.5162023e-02  -2.1096934e-02   2.3071555e-02  -3.8660083e-03   4.7659654e-02   3.2985621e-03  -4.0537248e-03  -1.6785027e-02  -4.4008965e-02   1.5285321e-02  -1.6378798e-02   2.3086154e-02   7.7007652e-03  -2.9570870e-02  -3.6376916e-02   2.3001611e-02   1.3414946e-02  -7.6661123e-02  -4.9624195e-03   8.6086065e-03   1.5911846e-02   1.7115645e-02  -8.6873750e-03  -4.1180910e-03  -1.8613321e-02   2.2180806e-03  -3.5766123e-03  -2.4751395e-02   2.1156497e-15  -7.8200002e-03
  -2.2473697e-02  -2.4188823e-02   9.4820130e-02   1.4806086e-02  -1.4840015e-02   1.3989019e-02  -2.1555293e-03  -1.0617252e-02  -9.6823030e-03   6.5968648e-03   2.3280540e-02  -2.3828620e-02  -7.7007652e-03   2.9570870e-02   3.6376916e-02  -2.3001611e-02  -1.3414946e-02   7.6661123e-02   4.9624195e-03  -8.6086065e-03  -1.2720401e-02  -2.0635872e-02   7.2809516e-03  -7.3879557e-03   8.7768990e-02  -1.4029589e-02   6.3544252e-03  -2.9664319e-02   2.6929162e-15  -4.6694412e-03
  -2.4030510e-02  -2.7282178e-02   8.8174564e-02   8.1354194e-03   1.6516971e-03   2.5307639e-02   9.0606406e-03  -2.5285126e-02   1.3156577e-03  -1.7157604e-02  -8.0589468e-03  -2.3196393e-02   1.1985553e-02  -8.4717816e-03   4.6781174e-02  -1.5166730e-02  -1.7443716e-02  -6.1749518e-02  -5.8866072e-02   2.9682552e-02   1.8520019e-03   1.6138276e-02   6.7643267e-02   4.2525708e-02  -1.0275538e-02  -9.5804772e-03   9.9191377e-03   2.0170873e-02  -1.5634683e-15   4.8220301e-03
  -2.5866602e-02  -1.8753574e-02  -2.9008690e-02  -2.0891515e-02   1.2856941e-01  -1.2494218e-02  -9.2015255e-03   3.7315916e-02   4.6018698e-02  -5.1215924e-02   9.1006273e-03  -2.2538841e-02  -7.7007652e-03   2.9570870e-02   3.6376916e-02  -2.3001611e-02  -1.3414946e-02   7.6661123e-02   4.9624195e-03  -8.6086065e-03  -1.1682339e-02  -2.6297129e-03   4.3027049e-02   4.5849114e-02  -1.1406276e-01  -3.4368777e-03   5.3808924e-03  -6.7594467e-02   5.5964874e-15  -1.6724478e-03
  -1.9535169e-02  -1.1356512e-02   4.1967684e-02   1.3648159e-02   1.2041594e-02  -1.9372521e-02  -2.4545069e-02   9.2958439e-03  -6.2519364e-02   5.1542005e-02   2.4092840e-02   2.2405871e-02  -1.1985553e-02   8.4717816e-03  -4.6781174e-02   1.5166730e-02   1.7443716e-02   6.1749518e-02   5.8866072e-02  -2.9682552e-02   4.8485129e-03  -4.0398035e-03  -2.2743416e-02  -3.0153559e-03  -3.6177867e-02   3.2937830e-03  -2.3698431e-03  -2.7789732e-04  -4.4234280e-17  -1.6354610e-03
  -1.3635543e-02  -2.7480148e-04   1.6226006e-02   1.2872806e-02  -3.8890377e-02  -3.4994480e-02  -8.6488155e-03   5.7543624e-02   7.5160980e-02  -3.1588145e-02  -2.3305618e-02   2.6213504e-02  -4.2847875e-03  -2.1099088e-02  -8.3158090e-02   3.8168341e-02   3.0858662e-02  -1.4911605e-02   5.3903653e-02  -2.1073945e-02   3.4823439e-02  -5.8248427e-03   3.3652039e-02   1.5990553e-02   5.8784930e-02  -2.4212292e-02   1.0909883e-02  -5.3187556e-02   4.6558036e-15  -1.2482735e-02
  -2.6104621e-02  -1.9861793e-02  -1.8854014e-02  -1.8000597e-02   1.0000954e-01  -4.1144273e-03  -1.5970002e-03   7.2408458e-03   6.8616540e-03  -3.3440331e-02  -2.2517799e-02   3.8703005e-03   5.1391183e-17   4.3368087e-17  -6.9388939e-18   3.8597597e-17   1.0430025e-16  -5.0306981e-17   6.0281641e-17  -4.5970172e-17  -1.3045563e-02  -2.2430159e-02  -2.3945415e-02  -2.5457643e-02   8.6758205e-02  -7.2789795e-04  -2.8469167e-03   5.1337949e-02  -4.2073559e-15  -7.3592516e-03
  -1.0695064e-02   8.3816089e-03  -2.5069239e-02   4.4341880e-03  -2.8434176e-02   3.5219076e-02  -2.7252641e-02   1.2310122e-04  -4.2202656e-02  -7.4190540e-02   3.0373404e-02  -2.6825722e-02  -8.3063439e-17  -2.8969882e-16  -1.0477730e-15   4.4083660e-16  -3.5542858e-16   2.6194324e-16  -5.4828104e-16   1.7271341e-16   5.7437272e-02  -1.8876436e-02  -3.7695571e-02   4.9165503e-02   2.7119770e-04  -2.9422360e-02   3.6220397e-02   1.5909712e-02  -1.1070433e-15   6.0055744e-03
  -1.5188224e-02  -1.3338768e-02   4.4650978e-02   2.2844501e-03  -3.0904075e-02   8.0957273e-03   1.3701921e-02   7.7280534e-03   5.4589962e-02  -3.0912405e-02  -9.2500745e-03  -1.0207455e-03  -6.6136333e-18   2.3274207e-17  -8.2110245e-17   3.9609519e-17   1.0552901e-17   4.0982842e-17   4.9439619e-17  -7.2930666e-17  -3.6374115e-03  -3.3340142e-03  -5.0485351e-02  -3.1959175e-02  -5.7039281e-02   2.3708345e-02  -1.6054896e-02   2.4339154e-02  -2.2240475e-15   4.5254290e-03
  -2.0988421e-02  -1.0051825e-02  -2.3607898e-02  -9.6174296e-03  -2.0976762e-02   7.9333064e-03   1.4970185e-02  -2.5134837e-02  -9.8548743e-03  -3.0060676e-03  -2.5756290e-02   4.8573935e-03   9.5048390e-18   4.8644537e-17  -1.2840568e-16   8.6562250e-17   8.4188299e-17   4.9439619e-17   1.7000290e-16  -6.8521577e-17  -1.4961957e-02  -2.4958649e-02  -1.1787334e-02  -1.2538649e-03  -6.6314418e-03  -1.1491449e-03   5.2313862e-03  -2.5574996e-02   1.9362607e-15   1.6497678e-02
  -1.8978122e-02  -7.0035935e-03  -1.6796098e-02  -4.6395328e-03  -6.0352827e-04  -4.2399562e-03  -3.4757803e-03   1.2116035e-02   1.4094512e-02   1.5470028e-02   2.4285714e-02  -5.0124530e-03  -5.2398853e-17  -1.2755320e-17   1.0102213e-16  -7.7858471e-17  -1.3709418e-16   1.3347167e-16  -1.2092043e-16   5.9490811e-17   1.4920986e-02   2.3174753e-02   1.9402691e-03  -5.7837246e-03   2.9064298e-03   3.5731266e-03  -1.9547476e-03   1.5854946e-02  -1.3690299e-15   9.2007160e-03
   2.7853107e-02   2.6531097e-02   2.5351909e-02  -1.6882216e-01  -8.7143257e-03  -2.4881807e-02  -2.8773680e-02  -7.0726859e-03  -6.5076390e-03   4.3968232e-03  -5.1676431e-03  -2.1922299e-02  -8.5435131e-17  -3.9207461e-16  -1.2834785e-15   5.6036989e-16  -2.8492833e-16   3.2439329e-16  -3.3786450e-16   1.1571148e-16   1.9096602e-02  -1.1641989e-02   1.4073234e-02  -1.2632231e-02  -1.0986031e-03   7.3762399e-03  -6.6160420e-03   9.1583407e-05  -2.5000000e-01   1.3477271e-02
