   3.8935428e-01  -2.2760350e-01  -1.1674887e-01   3.1360294e-01   4.1638516e-02  -1.6075859e-01   2.7154920e-01   6.9355119e-02  -7.0813024e-02  -5.8535021e-02   7.7823453e-02  -4.2271200e-01   1.6965596e-15  -2.5934116e-15  -2.4182045e-15   4.5623227e-16  -1.0180984e-14   4.1127170e-01  -2.7097124e-01  -5.0716091e-01  -4.0928503e-01   4.0553572e-01   4.1947622e-02  -2.7133527e-01   2.5612332e-01   9.3798519e-03  -7.1403335e-02  -3.4436265e-03  -3.2668119e-15  -5.1710098e-01
   9.3180536e-02  -3.4481700e-01   2.4757127e-02  -2.6760861e-01   1.0003249e-01  -3.7535476e-01  -2.8255419e-01   1.2649869e-02  -2.7881135e-02   1.0710105e-01  -9.2258019e-02   1.7484992e-01  -2.2828961e-15   2.6463207e-15   1.0859369e-15  -3.4781206e-16   4.0800696e-15  -1.8911862e-01   1.8269826e-01  -1.3048240e-01   1.1891908e-01  -9.7413540e-02  -5.5435149e-02   2.8251910e-01  -4.4060807e-01  -6.8726639e-02   4.3011342e-03  -3.5397019e-02  -4.0846547e-15  -3.2130697e-01
  -1.5681998e-02  -2.2035376e-01  -2.3267467e-02  -2.9063015e-01  -1.6109628e-01   4.2727040e-01  -2.0560016e-01   2.8572974e-01   1.9492474e-01  -1.3645017e-02  -2.2947561e-01  -9.1696229e-02   6.9388939e-17  -3.8857806e-16  -1.6375790e-15   2.9230091e-16  -2.4633073e-15   2.0531584e-01   1.7719950e-01  -9.6106071e-02   2.4601050e-01   2.2982467e-01  -1.8257876e-01   3.1524913e-02   3.9198416e-02  -1.3541591e-01   4.0938688e-02   4.1486593e-01   4.6209541e-14   7.0776606e-02
   7.3408081e-02  -2.3678756e-01  -2.5277746e-02  -2.1364921e-01   1.1201900e-01   2.0468417e-01   2.2584990e-01  -2.9256706e-01  -2.8042022e-02  -4.7518625e-02   5.3128172e-02   1.0013847e-01  -8.1705476e-16   8.2594521e-16   1.1136925e-15  -1.0473393e-16   2.1935578e-15  -1.0198746e-01   3.5129862e-02  -8.8696792e-02   8.1541811e-02  -3.0611628e-01  -1.4885223e-01  -4.3531660e-01   1.5077604e-01  -3.7074734e-02  -1.2382970e-03   1.5780985e-02   1.5083509e-15  -4.3541489e-02
   9.8069176e-02   9.0613406e-02   1.0603655e-02  -8.8592784e-03   4.0839319e-03  -3.2969947e-02   2.1980910e-01   1.5995215e-01   7.3334414e-02   1.9861637e-02  -1.4322800e-02   5.7305580e-02   1.1736219e-02   1.3906321e-01  -8.3110629e-02   2.0674391e-01   2.5327619e-02  -4.2105275e-02   2.4917357e-02  -1.0895787e-01   3.4073260e-02  -3.6945963e-02  -5.4277490e-03   5.5761219e-02   5.3961994e-02   4.9373924e-02   1.5948372e-01  -7.1660021e-06  -3.3110899e-16   9.3221110e-03
   1.6447169e-01   1.9882358e-01   3.5305398e-02  -6.7113430e-02  -6.8285785e-03   2.9994366e-02  -1.0797352e-01  -6.6245398e-02  -2.1584759e-02  -3.1370706e-03   6.3192709e-04  -1.6597823e-04  -1.7604329e-02  -2.0859482e-01   1.2466594e-01  -3.1011586e-01  -3.7991428e-02   1.2530469e-03  -2.4432607e-03  -1.7184885e-01  -1.3577327e-02   3.6024306e-02   9.8766287e-03  -1.3663114e-01  -2.3731090e-01   9.6426178e-02   3.2218572e-01   6.7245669e-04   2.7467338e-15   5.9878822e-02
   1.6447169e-01   1.9882358e-01   3.5305398e-02  -6.7113430e-02  -6.8285785e-03   2.9994366e-02  -1.0797352e-01  -6.6245398e-02  -2.1584759e-02  -3.1370706e-03   6.3192709e-04  -1.6597823e-04   1.7604329e-02   2.0859482e-01  -1.2466594e-01   3.1011586e-01   3.7991428e-02   1.2530469e-03  -2.4432607e-03  -1.7184885e-01  -1.3577327e-02   3.6024306e-02   9.8766287e-03  -1.3663114e-01  -2.3731090e-01   9.6426178e-02   3.2218572e-01   6.7245669e-04   3.6084105e-15   5.9878822e-02
   4.2103580e-02  -1.3525060e-01  -1.4455054e-02  -1.2301328e-01   3.8045995e-02   7.0539363e-02   1.0823739e-02  -6.0290726e-02   2.6809074e-02  -5.5175678e-03  -1.6632054e-01   1.5617107e-01   2.0047646e-02   7.1323028e-02   1.9686474e-01  -7.3300730e-03  -1.4866310e-01  -4.1860349e-02  -1.7278900e-01  -5.4417674e-02  -9.6575384e-02   4.9570108e-02   1.0373624e-01   1.1814441e-01   7.6612709e-03  -2.4561417e-02   3.0776373e-04  -6.7318770e-02  -7.0916151e-15   9.9894356e-02
  -3.3955676e-02  -3.1225161e-02   9.4296035e-02   1.3776118e-03  -1.6792020e-01  -2.3918090e-02  -7.7163445e-02   6.0641303e-02   2.2711115e-01  -3.8439840e-01   1.0814195e-01  -7.4406666e-02   1.8908486e-15  -2.3037128e-15  -1.4710455e-15   3.5995512e-16  -1.9741153e-15   1.7992473e-01  -1.4791411e-01  -4.6438980e-02   1.7338538e-01  -2.3752302e-01   4.5346885e-02   9.1637790e-02  -1.2705847e-01  -7.4801262e-02   2.4872173e-02  -8.5589600e-02  -8.9817543e-15  -1.7045792e-02
  -1.3805545e-02  -1.1030929e-02   1.5077988e-02  -2.3859711e-02  -2.4178599e-02   7.8727221e-02  -4.9725444e-02   9.0947205e-02   8.9103697e-03   5.2194594e-02   1.4786457e-02  -7.5487054e-02   1.9440911e-01  -1.4993796e-01  -8.6257415e-02   1.0144273e-02  -1.9292038e-01  -3.4304412e-02   2.3254706e-02  -1.5820263e-02  -5.8010145e-02  -2.7347129e-02   2.0866619e-02  -9.6599674e-03  -2.0799755e-03  -4.2220857e-02   1.5494292e-02  -6.5168931e-02  -6.9950742e-15  -1.6679585e-02
   9.8069176e-02   9.0613406e-02   1.0603655e-02  -8.8592784e-03   4.0839319e-03  -3.2969947e-02   2.1980910e-01   1.5995215e-01   7.3334414e-02   1.9861637e-02  -1.4322800e-02   5.7305580e-02  -1.1736219e-02  -1.3906321e-01   8.3110629e-02  -2.0674391e-01  -2.5327619e-02  -4.2105275e-02   2.4917357e-02  -1.0895787e-01   3.4073260e-02  -3.6945963e-02  -5.4277490e-03   5.5761219e-02   5.3961994e-02   4.9373924e-02   1.5948372e-01  -7.1660021e-06   5.3157634e-16   9.3221110e-03
   3.2756552e-02  -3.2887064e-02  -3.1871292e-02   2.3417250e-01  -1.1472944e-02   3.0323568e-02  -3.7824250e-02  -9.0067819e-03   8.1264812e-03   5.6359401e-03  -6.0366662e-03   2.7829769e-02  -2.9837244e-16   3.1138286e-16   1.2490009e-16  -1.7347235e-18   1.6705387e-15  -2.2148822e-02   1.3198574e-02  -1.8606647e-01   1.6924624e-02  -1.5074375e-02  -1.4678504e-03   9.2778010e-03  -8.4591477e-03   1.7417189e-02  -2.4597392e-01   1.0793394e-04   5.0000000e-01   1.5382150e-02
   2.2385906e-02  -4.2988264e-02  -1.0051177e-02  -2.1343235e-02   3.2342442e-02   4.6196010e-02   1.1271913e-01  -1.0444495e-01  -2.2034645e-02  -3.7512576e-02   7.9735238e-02  -1.2613368e-01   1.1934898e-15  -1.0894063e-15  -3.4347525e-16   4.1589995e-16  -2.9091313e-15  -3.3058155e-02   3.4998613e-02  -4.2240918e-02   1.8129611e-02   5.2652662e-02   3.4536001e-02   1.2565251e-01  -5.1731580e-02  -6.6063448e-03  -4.6264305e-03  -2.9585468e-03  -3.1350737e-16   3.7261486e-02
   2.4421200e-02  -1.3457110e-01   1.2071900e-02  -1.2171267e-01   3.8938085e-02   8.7606426e-02  -1.7152114e-03  -1.6719143e-02  -3.3243957e-02   8.4539496e-02   5.6252079e-02   3.6749236e-01  -2.6730195e-02  -9.5097370e-02  -2.6248632e-01   9.7734306e-03   1.9821747e-01   1.2783044e-01  -3.5843319e-02  -5.7597893e-02  -1.1031377e-01   6.9081227e-02   1.0274805e-01   1.1733460e-01   1.2653297e-02  -4.5710633e-02   9.1167383e-03  -1.0188225e-01  -1.0738216e-14   9.1294281e-02
  -2.6968089e-02   1.4757855e-02   4.1331438e-02   1.8248386e-02  -3.6747124e-02  -6.7315261e-03   2.7407863e-02  -3.1960608e-02  -1.1626000e-02   4.5533708e-02  -8.8430561e-03   3.8844494e-03   7.6825541e-02   2.7678265e-01  -2.3655997e-01  -3.6309984e-01   4.3619223e-02  -2.9600287e-04  -7.1426318e-03  -1.3075446e-02   2.3155238e-02   1.2324920e-02   6.3312779e-03  -3.6828690e-03  -4.6948250e-03  -5.7078426e-02   2.2937446e-02   1.1523848e-02   1.3865463e-15  -2.6638535e-02
  -2.6968089e-02   1.4757855e-02   4.1331438e-02   1.8248386e-02  -3.6747124e-02  -6.7315261e-03   2.7407863e-02  -3.1960608e-02  -1.1626000e-02   4.5533708e-02  -8.8430561e-03   3.8844494e-03   1.2992095e-02  -6.9687119e-02   1.4751342e-01   1.4087477e-01  -1.6054426e-01  -2.9600287e-04  -7.1426318e-03  -1.3075446e-02   2.3155238e-02   1.2324920e-02   6.3312779e-03  -3.6828690e-03  -4.6948250e-03  -5.7078426e-02   2.2937446e-02   1.1523848e-02   1.4166837e-15  -2.6638535e-02
   6.2911341e-02   9.2526807e-02   1.9152129e-02  -4.1286607e-02  -5.8879487e-03   2.9904951e-02  -1.3056891e-01  -8.5137950e-02  -3.1599372e-02  -5.9604993e-03   2.1686317e-03  -2.1835712e-03  -3.3892160e-16   1.4181364e-16  -2.9002408e-17   2.9137933e-17   2.9661061e-16  -5.2036311e-03   5.7526447e-03  -9.7889782e-02   1.7698657e-02  -3.5245629e-02  -8.3760674e-03   1.1002854e-01   1.7729191e-01   6.2190852e-02   2.1096297e-01  -4.5098371e-04  -8.4571322e-16  -3.6255278e-02
   2.0645095e-02  -4.0017760e-02  -3.4193231e-03  -1.2781116e-02   1.9538352e-02  -8.5195404e-02  -3.3280470e-02   1.1404642e-02  -1.7372066e-02   2.7728503e-02  -3.4326090e-02  -9.0049798e-02  -1.2829288e-02  -1.3920994e-01  -2.9604465e-01  -1.8625597e-03   1.6153417e-01  -1.2861083e-02  -2.0842858e-02  -4.1019872e-02   2.0952067e-02  -1.9326947e-02   5.4798018e-03  -2.2173548e-02   4.3781138e-02  -7.7439379e-03  -3.8551231e-03   4.6675837e-03   5.0982530e-16   6.5829493e-02
  -2.6968089e-02   1.4757855e-02   4.1331438e-02   1.8248386e-02  -3.6747124e-02  -6.7315261e-03   2.7407863e-02  -3.1960608e-02  -1.1626000e-02   4.5533708e-02  -8.8430561e-03   3.8844494e-03  -7.1459630e-02  -1.5104115e-01  -1.2473391e-01   2.5125117e-01  -7.6138700e-02  -2.9600287e-04  -7.1426318e-03  -1.3075446e-02   2.3155238e-02   1.2324920e-02   6.3312779e-03  -3.6828690e-03  -4.6948250e-03  -5.7078426e-02   2.2937446e-02   1.1523848e-02   1.4424122e-15  -2.6638535e-02
   1.0452389e-02  -4.5276843e-02   1.8349756e-02  -9.1235803e-03   2.4680878e-02  -1.0329017e-01  -5.5424404e-02   5.4865326e-02  -7.4696340e-02   1.1232542e-01   1.4894909e-01   4.7358508e-02   1.7430138e-01  -4.7627889e-02   2.1675231e-01   1.8392433e-02   8.0255908e-02   1.2658646e-01   9.5930308e-02  -4.2414248e-02   2.1852735e-02  -1.2263892e-02   7.1978759e-04  -3.6803156e-02   6.2109246e-02  -3.1474247e-02   6.3746518e-03  -1.8839526e-02  -1.8537621e-15   7.5056242e-02
  -2.6968089e-02   1.4757855e-02   4.1331438e-02   1.8248386e-02  -3.6747124e-02  -6.7315261e-03   2.7407863e-02  -3.1960608e-02  -1.1626000e-02   4.5533708e-02  -8.8430561e-03   3.8844494e-03   3.2871300e-02   8.2481283e-03   1.0872307e-01  -4.7643920e-02   2.1717300e-02  -2.9600287e-04  -7.1426318e-03  -1.3075446e-02   2.3155238e-02   1.2324920e-02   6.3312779e-03  -3.6828690e-03  -4.6948250e-03  -5.7078426e-02   2.2937446e-02   1.1523848e-02   1.4673016e-15  -2.6638535e-02
   2.0645095e-02  -4.0017760e-02  -3.4193231e-03  -1.2781116e-02   1.9538352e-02  -8.5195404e-02  -3.3280470e-02   1.1404642e-02  -1.7372066e-02   2.7728503e-02  -3.4326090e-02  -9.0049798e-02  -7.4321400e-02   1.6302388e-01   1.8766849e-01  -7.3336567e-03  -2.0166212e-01  -1.2861083e-02  -2.0842858e-02  -4.1019872e-02   2.0952067e-02  -1.9326947e-02   5.4798018e-03  -2.2173548e-02   4.3781138e-02  -7.7439379e-03  -3.8551231e-03   4.6675837e-03   5.6887850e-16   6.5829493e-02
  -2.6968089e-02   1.4757855e-02   4.1331438e-02   1.8248386e-02  -3.6747124e-02  -6.7315261e-03   2.7407863e-02  -3.1960608e-02  -1.1626000e-02   4.5533708e-02  -8.8430561e-03   3.8844494e-03  -1.3169744e-01  -1.6714221e-02   6.2302814e-02   6.9782381e-03   8.1664116e-02  -2.9600287e-04  -7.1426318e-03  -1.3075446e-02   2.3155238e-02   1.2324920e-02   6.3312779e-03  -3.6828690e-03  -4.6948250e-03  -5.7078426e-02   2.2937446e-02   1.1523848e-02   1.3092304e-15  -2.6638535e-02
  -1.1836685e-01   1.0460423e-01  -1.1601813e-01   2.1450095e-02   2.5098744e-01  -1.6079889e-02  -2.1315188e-02  -8.5500238e-02   2.1982659e-01   7.8372179e-02  -7.6532634e-02  -1.1722901e-01   3.2187256e-01  -1.9035315e-01   1.7101831e-01   4.6558296e-02   3.5872929e-01  -7.3820179e-02  -7.7616326e-02  -3.0578637e-02  -4.1790126e-02  -1.9656907e-02  -9.9477501e-02   1.1159567e-02  -1.8291958e-02  -1.4292598e-01   5.8134841e-02  -1.1668121e-01  -1.2816454e-14  -3.5701121e-02
  -5.2860230e-02   5.9967318e-02  -2.3840729e-01  -4.1074919e-02  -3.9075582e-02  -3.4096958e-02  -5.6670735e-03  -2.7041289e-02   2.4181751e-02   1.6911999e-02   5.4391082e-02   6.0499585e-02  -1.6093628e-01   9.5176574e-02  -8.5509153e-02  -2.3279148e-02  -1.7936464e-01   2.9507019e-02   4.6789958e-02  -2.3894236e-02   1.7512303e-02  -1.7632485e-02   2.3453739e-01  -3.5292707e-02   1.6249298e-02  -9.3547028e-02   3.7364507e-02  -6.9920676e-02  -7.1550892e-15  -1.0658841e-02
  -5.6522000e-02   6.7636157e-02  -2.2169827e-01  -2.2569211e-02   4.3491210e-03  -6.1685063e-02   2.3821210e-02  -6.4399189e-02  -3.2858823e-03  -4.3985952e-02  -1.8828379e-02   5.8894395e-02   2.7487725e-01  -1.9752624e-01  -4.3502839e-02   2.1783847e-02  -1.0323806e-01  -4.2960165e-03  -3.6592069e-02  -2.3123663e-02   1.6269706e-01   1.0149410e-01  -2.7458422e-02  -2.4100561e-02   2.5364848e-02  -9.4648558e-02   3.8074056e-02   4.7544023e-02   5.1669781e-15   1.1007153e-02
  -3.0420330e-02   2.3246306e-02   3.6468433e-02   2.8978532e-02   1.6926951e-01   1.5226759e-02  -1.2095804e-02   4.7520323e-02  -5.7466323e-02  -6.5649645e-02   1.0631046e-02   2.8612453e-02  -8.0468139e-02   4.7588287e-02  -4.2754576e-02  -1.1639574e-02  -8.9682322e-02   1.3549533e-02   2.9813170e-03  -1.4237099e-02   5.1744797e-02   5.4712958e-02  -1.5239997e-01  -4.3228892e-03   6.8799084e-03  -7.0664442e-02   2.8931890e-02  -7.9662216e-02  -9.2249621e-15  -1.9088318e-03
  -6.8922808e-02   4.2231463e-02  -1.5827971e-01  -5.6793911e-02   4.7560493e-02   7.0828130e-02  -9.6796673e-02   3.5513654e-02   2.3421510e-01   1.9820286e-01   8.4433326e-02  -8.5330953e-02  -4.1231587e-01   2.9628936e-01   6.5254258e-02  -3.2675771e-02   1.5485708e-01  -1.6870360e-02   1.3739829e-02  -2.7133564e-02  -8.2054439e-02  -1.0794912e-02  -1.4501242e-01   1.2428716e-02  -9.0901114e-03  -1.0169940e-01   4.0098631e-02  -9.8253232e-04   5.1638676e-16  -5.5998519e-03
  -3.2072069e-02   6.8126953e-04  -4.0797225e-02  -3.5711630e-02  -1.0240314e-01   8.5295855e-02  -2.2738486e-02   1.4655900e-01  -1.8771609e-01  -8.0980691e-02  -5.4449673e-02  -6.6554679e-02  -1.1394097e-01   1.0234967e-01   1.2901199e-01   1.4953007e-03   2.8260270e-01  -8.0778573e-02   1.3207299e-02  -2.2306106e-02   8.0940617e-02   3.8163898e-02   1.5708583e-01  -6.0908222e-02   2.7898346e-02  -6.1228500e-02   2.2847591e-02  -1.2536643e-01  -1.3766824e-14  -2.8494094e-02
  -9.2100752e-02   7.3860052e-02   7.1107283e-02   7.4905655e-02   3.9500610e-01   1.5042812e-02  -6.2979782e-03   2.7662781e-02  -2.5705683e-02  -1.2859355e-01  -7.8913599e-02  -1.4739728e-02   7.3552275e-16  -3.4694470e-16  -5.1694760e-16   3.4694470e-17  -1.0824674e-15   4.5391924e-02   7.6287509e-02  -2.6476761e-02  -8.6391049e-02  -9.1137833e-02   3.4775454e-01  -2.7466402e-03  -1.0920043e-02  -1.3334152e-01   5.4690418e-02   1.8151019e-01   2.1518983e-14  -2.5198228e-02
  -3.7733682e-02  -3.1168690e-02   9.4547795e-02  -1.8451930e-02  -1.1230601e-01  -1.2876493e-01  -1.0747434e-01   4.7029340e-04   1.5810300e-01  -2.8529697e-01   1.0644355e-01   1.0216360e-01   6.9735884e-16  -5.7419347e-16  -5.3342747e-17  -1.3660947e-16   2.8241298e-15  -1.9985250e-01   6.4200895e-02  -3.0776227e-02  -1.3599931e-01   1.7601148e-01   1.0870468e-03  -1.1102193e-01   1.3893217e-01  -6.9567414e-02   2.4643955e-02   5.6250296e-02   6.1247900e-15   2.0563209e-02
  -8.9310299e-02   8.2671465e-02  -2.8066611e-01  -1.5843755e-02  -2.0343555e-01  -4.9331493e-02   9.0058844e-02   4.9206831e-02  -3.4084888e-01  -1.9812084e-01  -5.4028124e-02   6.4790448e-03  -3.5561831e-16   2.9490299e-17  -3.7470027e-16  -3.4499313e-16  -6.2450045e-16   2.1093904e-02   1.8898933e-02  -5.4270037e-02  -3.0357116e-01  -1.9068864e-01  -3.8105270e-01   1.4910125e-01  -1.0263745e-01  -1.3779294e-01   5.1972373e-02   1.4342231e-01   1.7382336e-14   2.5825269e-02
  -2.7151698e-01   1.3705898e-01   3.2646678e-01   1.4674325e-01  -3.0378913e-01  -1.0635191e-01   2.1646854e-01  -3.5209028e-01   1.3537013e-01  -4.2385645e-02  -3.3096392e-01  -6.7829636e-02  -3.4555692e-15   2.8275993e-15  -1.1574942e-15  -1.1470859e-15  -1.1885024e-15   1.9088667e-01   3.1125302e-01  -8.2126432e-02  -1.5593134e-01  -1.6458972e-02  -9.7463420e-02  -1.5899281e-02   7.3576279e-02  -3.3444255e-01   1.3339632e-01  -3.3155035e-01  -3.5496900e-14   2.0712409e-01
  -3.5710649e-01   1.3890274e-01   3.3784491e-01   1.0296762e-01  -1.2713312e-02   8.2676054e-02  -7.3105023e-02   2.4686856e-01  -2.8161067e-01   3.1727689e-01   4.5391601e-01   1.0181079e-01   1.2212453e-15  -1.4935969e-15   2.3592239e-15  -1.5677563e-16   8.1878948e-16  -2.7689304e-01  -4.2037310e-01  -1.2539022e-01   3.7334220e-02  -1.1042994e-01   6.2132784e-02   7.1908200e-02  -3.9988860e-02  -4.5753193e-01   1.7962660e-01   2.9896889e-01   3.5478342e-14   1.6801835e-01
   3.2756552e-02  -3.2887064e-02  -3.1871292e-02   2.3417250e-01  -1.1472944e-02   3.0323568e-02  -3.7824250e-02  -9.0067819e-03   8.1264812e-03   5.6359401e-03  -6.0366662e-03   2.7829769e-02  -5.2388649e-16   3.8077180e-16   1.3877788e-16  -4.8138576e-17   1.3981871e-15  -2.2148822e-02   1.3198574e-02  -1.8606647e-01   1.6924624e-02  -1.5074375e-02  -1.4678504e-03   9.2778010e-03  -8.4591477e-03   1.7417189e-02  -2.4597392e-01   1.0793394e-04  -5.0000000e-01   1.5382150e-02
