   2.2903193e-02   1.3388441e-02  -6.8675805e-03   1.8447232e-02  -2.4493245e-03   9.4563874e-03  -1.5973482e-02   4.0797129e-03  -4.1654720e-03  -3.4432366e-03   4.5778501e-03  -2.4865412e-02   2.6837193e-16   1.9081958e-16  -5.6924441e-16  -9.7705749e-18  -8.4440216e-18   2.4192453e-02  -1.5939485e-02   2.9832995e-02  -2.4075590e-02  -2.3855042e-02  -2.4675072e-03  -1.5960898e-02  -1.5066078e-02   5.5175599e-04   4.2001962e-03  -2.0256627e-04   1.4746563e-16  -3.0417705e-02
   1.0353393e-02   3.8313000e-02   2.7507919e-03  -2.9734290e-02  -1.1114721e-02   4.1706085e-02   3.1394910e-02   1.4055410e-03  -3.0979039e-03   1.1900117e-02  -1.0250891e-02   1.9427769e-02   2.3245295e-16  -9.5024297e-17   2.7100236e-16  -4.8307230e-18   2.7562829e-17  -2.1013181e-02   2.0299806e-02   1.4498044e-02   1.3213231e-02   1.0823727e-02   6.1594610e-03   3.1391011e-02   4.8956452e-02  -7.6362932e-03  -4.7790380e-04  -3.9330021e-03   9.0085551e-18  -3.5700774e-02
  -1.5681998e-03   2.2035376e-02  -2.3267467e-03  -2.9063015e-02   1.6109628e-02  -4.2727040e-02   2.0560016e-02   2.8572974e-02   1.9492474e-02  -1.3645017e-03  -2.2947561e-02  -9.1696229e-03  -2.2065683e-16   6.3490879e-17   2.3384072e-16   5.0653925e-17   3.8684334e-17   2.0531584e-02   1.7719950e-02   9.6106071e-03   2.4601050e-02  -2.2982467e-02   1.8257876e-02   3.1524913e-03  -3.9198416e-03  -1.3541591e-02  -4.0938688e-03   4.1486593e-02   3.4842251e-15   7.0776606e-03
   1.2234680e-02   3.9464594e-02  -4.2129577e-03  -3.5608202e-02  -1.8669834e-02  -3.4114029e-02  -3.7641650e-02  -4.8761176e-02  -4.6736703e-03  -7.9197708e-03   8.8546954e-03   1.6689745e-02   3.8163916e-17  -1.2316537e-16   5.7390435e-17   6.5955632e-17   6.9388939e-18  -1.6997910e-02   5.8549769e-03   1.4782799e-02   1.3590302e-02   5.1019379e-02   2.4808705e-02  -7.2552766e-02  -2.5129340e-02  -6.1791223e-03   2.0638283e-04   2.6301642e-03   2.8327988e-16  -7.2569148e-03
   3.2689725e-02  -3.0204469e-02   3.5345515e-03  -2.9530928e-03  -1.3613106e-03   1.0989982e-02  -7.3269700e-02   5.3317384e-02   2.4444805e-02   6.6205458e-03  -4.7742665e-03   1.9101860e-02  -2.4889523e-02  -3.6265321e-03  -2.0808831e-02   5.3433013e-02   2.7851151e-02  -1.4035092e-02   8.3057857e-03   3.6319289e-02   1.1357753e-02   1.2315321e-02   1.8092497e-03   1.8587073e-02  -1.7987331e-02   1.6457975e-02  -5.3161240e-02  -2.3886674e-06  -4.3706572e-16   3.1073703e-03
   4.1117922e-02  -4.9705894e-02   8.8263495e-03  -1.6778357e-02   1.7071446e-03  -7.4985916e-03   2.6993381e-02  -1.6561350e-02  -5.3961897e-03  -7.8426766e-04   1.5798177e-04  -4.1494557e-05   2.8000714e-02   4.0798486e-03   2.3409935e-02  -6.0112140e-02  -3.1332545e-02   3.1326173e-04  -6.1081518e-04   4.2962214e-02  -3.3943317e-03  -9.0060764e-03  -2.4691572e-03  -3.4157786e-02   5.9327724e-02   2.4106544e-02  -8.0546429e-02   1.6811417e-04  -4.7228990e-16   1.4969705e-02
   4.1117922e-02  -4.9705894e-02   8.8263495e-03  -1.6778357e-02   1.7071446e-03  -7.4985916e-03   2.6993381e-02  -1.6561350e-02  -5.3961897e-03  -7.8426766e-04   1.5798177e-04  -4.1494557e-05  -2.8000714e-02  -4.0798486e-03  -2.3409935e-02   6.0112140e-02   3.1332545e-02   3.1326173e-04  -6.1081518e-04   4.2962214e-02  -3.3943317e-03  -9.0060764e-03  -2.4691572e-03  -3.4157786e-02   5.9327724e-02   2.4106544e-02  -8.0546429e-02   1.6811417e-04  -3.4077718e-16   1.4969705e-02
   1.0525895e-02   3.3812649e-02  -3.6137634e-03  -3.0753320e-02  -9.5114988e-03  -1.7634841e-02  -2.7059348e-03  -1.5072681e-02   6.7022685e-03  -1.3793919e-03  -4.1580135e-02   3.9042766e-02   4.9208434e-02   5.8707983e-03  -8.8384014e-03   7.2395404e-03  -7.0683883e-03  -1.0465087e-02  -4.3197249e-02   1.3604419e-02  -2.4143846e-02  -1.2392527e-02  -2.5934059e-02   2.9536103e-02  -1.9153177e-03  -6.1403544e-03  -7.6940933e-05  -1.6829692e-02  -1.5086487e-15   2.4973589e-02
  -6.7911353e-03   6.2450322e-03   1.8859207e-02   2.7552237e-04   3.3584039e-02   4.7836179e-03   1.5432689e-02   1.2128261e-02   4.5422231e-02  -7.6879681e-02   2.1628390e-02  -1.4881333e-02  -5.2804983e-16   1.9532986e-16   3.5388359e-17  -1.5612511e-17  -2.2030988e-17   3.5984946e-02  -2.9582821e-02   9.2877961e-03   3.4677076e-02   4.7504604e-02  -9.0693770e-03   1.8327558e-02   2.5411693e-02  -1.4960252e-02  -4.9744346e-03  -1.7117920e-02  -1.2208040e-15  -3.4091584e-03
  -6.9027725e-03   5.5154643e-03   7.5389941e-03  -1.1929855e-02   1.2089299e-02  -3.9363611e-02   2.4862722e-02   4.5473602e-02   4.4551848e-03   2.6097297e-02   7.3932285e-03  -3.7743527e-02   1.0073335e-01  -7.9505592e-03  -9.6811017e-02   2.2445663e-02   1.5841175e-02  -1.7152206e-02   1.1627353e-02   7.9101315e-03  -2.9005072e-02   1.3673565e-02  -1.0433309e-02  -4.8299837e-03   1.0399878e-03  -2.1110429e-02  -7.7471461e-03  -3.2584466e-02  -2.6004239e-15  -8.3397925e-03
   3.2689725e-02  -3.0204469e-02   3.5345515e-03  -2.9530928e-03  -1.3613106e-03   1.0989982e-02  -7.3269700e-02   5.3317384e-02   2.4444805e-02   6.6205458e-03  -4.7742665e-03   1.9101860e-02   2.4889523e-02   3.6265321e-03   2.0808831e-02  -5.3433013e-02  -2.7851151e-02  -1.4035092e-02   8.3057857e-03   3.6319289e-02   1.1357753e-02   1.2315321e-02   1.8092497e-03   1.8587073e-02  -1.7987331e-02   1.6457975e-02  -5.3161240e-02  -2.3886674e-06  -2.8054217e-16   3.1073703e-03
   1.6378276e-02   1.6443532e-02  -1.5935646e-02   1.1708625e-01   5.7364722e-03  -1.5161784e-02   1.8912125e-02  -4.5033910e-03   4.0632406e-03   2.8179700e-03  -3.0183331e-03   1.3914885e-02  -2.0816682e-17  -1.2923690e-16  -2.8145888e-16   7.8713078e-17   7.2858386e-17  -1.1074411e-02   6.5992871e-03   9.3033236e-02   8.4623120e-03   7.5371875e-03   7.3392522e-04   4.6389005e-03   4.2295738e-03   8.7085945e-03   1.2298696e-01   5.3966970e-05  -2.5000000e-01   7.6910751e-03
   1.1192953e-02   2.1494132e-02  -5.0255884e-03  -1.0671617e-02  -1.6171221e-02  -2.3098005e-02  -5.6359565e-02  -5.2222474e-02  -1.1017322e-02  -1.8756288e-02   3.9867619e-02  -6.3066840e-02   9.0639302e-16   3.9025857e-16  -8.7950480e-16   6.3967928e-17   1.1709383e-17  -1.6529077e-02   1.7499307e-02   2.1120459e-02   9.0648057e-03  -2.6326331e-02  -1.7268000e-02   6.2826253e-02   2.5865790e-02  -3.3031724e-03   2.3132152e-03  -1.4792734e-03  -3.7040491e-16   1.8630743e-02
   4.8842401e-03   2.6914220e-02   2.4143799e-03  -2.4342535e-02  -7.7876170e-03  -1.7521285e-02   3.4304227e-04  -3.3438286e-03  -6.6487914e-03   1.6907899e-02   1.1250416e-02   7.3498471e-02  -5.2488996e-02  -6.2621849e-03   9.4276282e-03  -7.7221764e-03   7.5396141e-03   2.5566088e-02  -7.1686638e-03   1.1519579e-02  -2.2062754e-02  -1.3816245e-02  -2.0549610e-02   2.3466919e-02  -2.5306593e-03  -9.1421266e-03  -1.8233477e-03  -2.0376450e-02  -1.7015521e-15   1.8258856e-02
  -1.3484044e-02  -7.3789273e-03   2.0665719e-02   9.1241932e-03   1.8373562e-02   3.3657630e-03  -1.3703931e-02  -1.5980304e-02  -5.8130000e-03   2.2766854e-02  -4.4215280e-03   1.9422247e-03   5.2964503e-02   3.9889339e-02   4.8988318e-02  -1.8415175e-02   1.0628148e-01  -1.4800143e-04  -3.5713159e-03   6.5377231e-03   1.1577619e-02  -6.1624598e-03  -3.1656390e-03  -1.8414345e-03   2.3474125e-03  -2.8539213e-02  -1.1468723e-02   5.7619238e-03   8.1333578e-16  -1.3319267e-02
  -1.3484044e-02  -7.3789273e-03   2.0665719e-02   9.1241932e-03   1.8373562e-02   3.3657630e-03  -1.3703931e-02  -1.5980304e-02  -5.8130000e-03   2.2766854e-02  -4.4215280e-03   1.9422247e-03  -5.6837405e-02   1.7679176e-01  -8.6547058e-02   1.1811155e-02  -2.2009485e-01  -1.4800143e-04  -3.5713159e-03   6.5377231e-03   1.1577619e-02  -6.1624598e-03  -3.1656390e-03  -1.8414345e-03   2.3474125e-03  -2.8539213e-02  -1.1468723e-02   5.7619238e-03   8.0615290e-16  -1.3319267e-02
   3.1455670e-02  -4.6263404e-02   9.5760645e-03  -2.0643304e-02   2.9439743e-03  -1.4952476e-02   6.5284454e-02  -4.2568975e-02  -1.5799686e-02  -2.9802496e-03   1.0843158e-03  -1.0917856e-03   3.5990091e-16  -1.3105294e-17  -3.8005352e-16   7.4466055e-17   4.3151246e-17  -2.6018155e-03   2.8763224e-03   4.8944891e-02   8.8493286e-03   1.7622815e-02   4.1880337e-03   5.5014269e-02  -8.8645957e-02   3.1095426e-02  -1.0548149e-01  -2.2549185e-04  -5.2438509e-16  -1.8127639e-02
   1.0322547e-02   2.0008880e-02  -1.7096615e-03  -6.3905581e-03  -9.7691760e-03   4.2597702e-02   1.6640235e-02   5.7023209e-03  -8.6860329e-03   1.3864251e-02  -1.7163045e-02  -4.5024899e-02  -4.9032816e-02  -8.5912533e-02  -7.2986861e-02  -1.8683014e-01   1.1965733e-02  -6.4305415e-03  -1.0421429e-02   2.0509936e-02   1.0476034e-02   9.6634736e-03  -2.7399009e-03  -1.1086774e-02  -2.1890569e-02  -3.8719690e-03   1.9275616e-03   2.3337918e-03   6.3293312e-18   3.2914747e-02
  -1.3484044e-02  -7.3789273e-03   2.0665719e-02   9.1241932e-03   1.8373562e-02   3.3657630e-03  -1.3703931e-02  -1.5980304e-02  -5.8130000e-03   2.2766854e-02  -4.4215280e-03   1.9422247e-03  -9.5845491e-03   4.2983392e-03  -1.1501503e-01  -7.7392922e-02   1.3036332e-01  -1.4800143e-04  -3.5713159e-03   6.5377231e-03   1.1577619e-02  -6.1624598e-03  -3.1656390e-03  -1.8414345e-03   2.3474125e-03  -2.8539213e-02  -1.1468723e-02   5.7619238e-03   8.2462877e-16  -1.3319267e-02
   3.4841296e-03   1.5092281e-02   6.1165852e-03  -3.0411934e-03  -8.2269593e-03   3.4430058e-02   1.8474801e-02   1.8288442e-02  -2.4898780e-02   3.7441807e-02   4.9649697e-02   1.5786169e-02   6.7510649e-02   3.4032852e-02   4.8886036e-02   9.7471277e-04  -1.0044190e-02   4.2195485e-02   3.1976769e-02   1.4138083e-02   7.2842448e-03   4.0879642e-03  -2.3992920e-04  -1.2267719e-02  -2.0703082e-02  -1.0491416e-02  -2.1248839e-03  -6.2798419e-03  -5.6889418e-16   2.5018747e-02
  -1.3484044e-02  -7.3789273e-03   2.0665719e-02   9.1241932e-03   1.8373562e-02   3.3657630e-03  -1.3703931e-02  -1.5980304e-02  -5.8130000e-03   2.2766854e-02  -4.4215280e-03   1.9422247e-03   1.8518084e-02  -2.5758518e-01   6.5262293e-02   5.1735745e-02  -1.3833128e-01  -1.4800143e-04  -3.5713159e-03   6.5377231e-03   1.1577619e-02  -6.1624598e-03  -3.1656390e-03  -1.8414345e-03   2.3474125e-03  -2.8539213e-02  -1.1468723e-02   5.7619238e-03   7.4736911e-16  -1.3319267e-02
   1.0322547e-02   2.0008880e-02  -1.7096615e-03  -6.3905581e-03  -9.7691760e-03   4.2597702e-02   1.6640235e-02   5.7023209e-03  -8.6860329e-03   1.3864251e-02  -1.7163045e-02  -4.5024899e-02  -1.6001707e-03   6.0387894e-02   3.6322334e-02   1.8609910e-01  -4.4325903e-03  -6.4305415e-03  -1.0421429e-02   2.0509936e-02   1.0476034e-02   9.6634736e-03  -2.7399009e-03  -1.1086774e-02  -2.1890569e-02  -3.8719690e-03   1.9275616e-03   2.3337918e-03   4.0867752e-17   3.2914747e-02
  -1.3484044e-02  -7.3789273e-03   2.0665719e-02   9.1241932e-03   1.8373562e-02   3.3657630e-03  -1.3703931e-02  -1.5980304e-02  -5.8130000e-03   2.2766854e-02  -4.4215280e-03   1.9422247e-03  -2.2887998e-02   1.4994968e-02   4.4754680e-02   3.6356523e-02   1.2460221e-01  -1.4800143e-04  -3.5713159e-03   6.5377231e-03   1.1577619e-02  -6.1624598e-03  -3.1656390e-03  -1.8414345e-03   2.3474125e-03  -2.8539213e-02  -1.1468723e-02   5.7619238e-03   8.2977243e-16  -1.3319267e-02
  -2.3673370e-02  -2.0920845e-02  -2.3203626e-02   4.2900190e-03  -5.0197487e-02   3.2159778e-03   4.2630376e-03  -1.7100048e-02   4.3965318e-02   1.5674436e-02  -1.5306527e-02  -2.3445802e-02   2.8523783e-02   3.4577237e-02   6.8090871e-02  -6.5525211e-03  -4.5134144e-03  -1.4764036e-02  -1.5523265e-02   6.1157274e-03  -8.3580253e-03   3.9313814e-03   1.9895500e-02   2.2319134e-03   3.6583917e-03  -2.8585197e-02  -1.1626968e-02  -2.3336242e-02  -1.7657442e-15  -7.1402241e-03
  -1.7620077e-02  -1.9989106e-02  -7.9469098e-02  -1.3691640e-02   1.3025194e-02   1.1365653e-02   1.8890245e-03  -9.0137631e-03   8.0605837e-03   5.6373330e-03   1.8130361e-02   2.0166528e-02  -2.3769819e-02  -2.8814364e-02  -5.6742393e-02   5.4604342e-03   3.7611787e-03   9.8356731e-03   1.5596653e-02   7.9647453e-03   5.8374343e-03   5.8774951e-03  -7.8179131e-02  -1.1764236e-02  -5.4164328e-03  -3.1182343e-02  -1.2454836e-02  -2.3306892e-02  -1.7846984e-15  -3.5529471e-03
  -1.8840667e-02  -2.2545386e-02  -7.3899424e-02  -7.5230705e-03  -1.4497070e-03   2.0561688e-02  -7.9404034e-03  -2.1466396e-02  -1.0952941e-03  -1.4661984e-02  -6.2761263e-03   1.9631465e-02   7.9040476e-02   9.1068094e-03  -3.6169482e-02   1.2233558e-02   8.6801939e-03  -1.4320055e-03  -1.2197356e-02   7.7078876e-03   5.4232352e-02  -3.3831367e-02   9.1528074e-03  -8.0335205e-03  -8.4549494e-03  -3.1549519e-02  -1.2691352e-02   1.5848008e-02   1.4945356e-15   3.6690510e-03
  -1.5210165e-02  -1.1623153e-02   1.8234217e-02   1.4489266e-02  -8.4634755e-02  -7.6133793e-03   6.0479022e-03   2.3760162e-02  -2.8733162e-02  -3.2824822e-02   5.3155228e-03   1.4306227e-02  -1.7827364e-02  -2.1610773e-02  -4.2556795e-02   4.0953257e-03   2.8208840e-03   6.7747664e-03   1.4906585e-03   7.1185496e-03   2.5872399e-02  -2.7356479e-02   7.6199985e-02  -2.1614446e-03  -3.4399542e-03  -3.5332221e-02  -1.4465945e-02  -3.9831108e-02  -3.2192663e-15  -9.5441592e-04
  -1.7230702e-02  -1.0557866e-02  -3.9569929e-02  -1.4198478e-02  -1.1890123e-02  -1.7707033e-02   2.4199168e-02   8.8784134e-03   5.8553775e-02   4.9550716e-02   2.1108332e-02  -2.1332738e-02  -8.8920536e-02  -1.0245161e-02   4.0690667e-02  -1.3762753e-02  -9.7652182e-03  -4.2175899e-03   3.4349572e-03   6.7833910e-03  -2.0513610e-02   2.6987279e-03   3.6253106e-02   3.1071790e-03   2.2725278e-03  -2.5424850e-02  -1.0024658e-02  -2.4563308e-04   1.6923579e-16  -1.3999630e-03
  -1.0690690e-02  -2.2708984e-04  -1.3599075e-02  -1.1903877e-02   3.4134379e-02  -2.8431952e-02   7.5794954e-03   4.8853000e-02  -6.2572032e-02  -2.6993564e-02  -1.8149891e-02  -2.2184893e-02  -5.5270657e-02   1.9707555e-02   9.2911875e-02  -1.7693992e-02  -1.2441373e-02  -2.6926191e-02   4.4024331e-03   7.4353688e-03   2.6980206e-02  -1.2721299e-02  -5.2361942e-02  -2.0302741e-02  -9.2994486e-03  -2.0409500e-02  -7.6158638e-03  -4.1788811e-02  -3.3410774e-15  -9.4980314e-03
  -2.3025188e-02  -1.8465013e-02   1.7776821e-02   1.8726414e-02  -9.8751525e-02  -3.7607030e-03   1.5744945e-03   6.9156952e-03  -6.4264208e-03  -3.2148388e-02  -1.9728400e-02  -3.6849319e-03   6.6960326e-16   1.9081958e-16   1.1969592e-16  -1.3227267e-17   7.5318170e-18   1.1347981e-02   1.9071877e-02   6.6191903e-03  -2.1597762e-02   2.2784458e-02  -8.6938636e-02  -6.8666005e-04   2.7300109e-03  -3.3335379e-02  -1.3672604e-02   4.5377547e-02   4.1807934e-15  -6.2995570e-03
  -9.4334205e-03   7.7921725e-03   2.3636949e-02  -4.6129826e-03   2.8076503e-02   3.2191232e-02   2.6868584e-02   1.1757335e-04   3.9525751e-02  -7.1324241e-02   2.6610888e-02   2.5540901e-02  -2.4568021e-16  -1.6089560e-16   6.5919492e-16  -5.0469611e-17   4.0047718e-17  -4.9963125e-02   1.6050224e-02   7.6940566e-03  -3.3999827e-02  -4.4002870e-02  -2.7176171e-04  -2.7755483e-02  -3.4733042e-02  -1.7391854e-02  -6.1609888e-03   1.4062574e-02   1.1831656e-15   5.1408024e-03
  -1.4885050e-02  -1.3778577e-02  -4.6777685e-02  -2.6406259e-03   3.3905925e-02   8.2219155e-03  -1.5009807e-02   8.2011385e-03  -5.6808147e-02  -3.3020140e-02  -9.0046873e-03   1.0798408e-03   3.9956464e-16  -3.0357661e-18   9.2518585e-18   3.6284633e-17  -2.6743654e-18   3.5156507e-03   3.1498221e-03   9.0450061e-03  -5.0595193e-02   3.1781439e-02   6.3508784e-02   2.4850208e-02   1.7106241e-02  -2.2965490e-02  -8.6620622e-03   2.3903719e-02   2.1861484e-15   4.3042116e-03
  -2.2626415e-02  -1.1421582e-02   2.7205565e-02   1.2228604e-02   2.5315761e-02   8.8626592e-03  -1.8039045e-02  -2.9340857e-02   1.1280844e-02  -3.5321371e-03  -2.7580326e-02  -5.6524697e-03   7.5431559e-16  -7.4665390e-17  -2.5757030e-16   5.1029782e-17   1.1546753e-17   1.5907223e-02   2.5937752e-02   6.8438693e-03  -1.2994278e-02   1.3715810e-03   8.1219517e-03  -1.3249401e-03  -6.1313566e-03  -2.7870212e-02  -1.1116360e-02  -2.7629196e-02  -2.2852761e-15   1.7260341e-02
  -2.1006264e-02  -8.1707494e-03   1.9873230e-02   6.0569188e-03   7.4784188e-04  -4.8632973e-03   4.3002955e-03   1.4521680e-02  -1.6565333e-02   1.8663347e-02   2.6700942e-02   5.9888701e-03  -7.1797143e-16  -1.6265584e-16  -8.7756599e-17  -2.9592342e-17   5.6123407e-18  -1.6287826e-02  -2.4727829e-02   7.3758953e-03   2.1961306e-03   6.4958789e-03  -3.6548697e-03   4.2298941e-03   2.3522859e-03  -2.6913643e-02  -1.0566270e-02   1.7586405e-02   1.5663772e-15   9.8834321e-03
   1.6378276e-02   1.6443532e-02  -1.5935646e-02   1.1708625e-01   5.7364722e-03  -1.5161784e-02   1.8912125e-02  -4.5033910e-03   4.0632406e-03   2.8179700e-03  -3.0183331e-03   1.3914885e-02  -7.1123663e-17  -7.8062556e-17  -3.3111534e-16   8.4134089e-17   1.1687699e-16  -1.1074411e-02   6.5992871e-03   9.3033236e-02   8.4623120e-03   7.5371875e-03   7.3392522e-04   4.6389005e-03   4.2295738e-03   8.7085945e-03   1.2298696e-01   5.3966970e-05   2.5000000e-01   7.6910751e-03
