  -3.3972833e-01   3.5176235e-01  -1.9509133e-01  -9.8671703e-02   2.4021638e-01  -3.3603389e-02  -1.4015375e-01   2.1948384e-01  -5.7865829e-02   6.0250825e-02  -4.8519616e-02  -7.0783948e-02  -3.5379362e-01   8.7256591e-16   5.9479331e-16   6.4011296e-16  -1.0414846e-15   9.6840938e-15  -3.7675866e-01  -2.5395240e-01   3.6160104e-01  -3.6107614e-01  -3.3357638e-02   2.2920557e-01  -2.1283826e-01   3.1045864e-03  -1.3932900e-16   4.8138129e-01   1.4380437e-15   1.7521684e-02
  -1.7985617e-01   8.9136010e-02  -3.1294736e-01   2.2154593e-02  -2.1704319e-01  -8.5477638e-02  -3.4649428e-01  -2.4181284e-01  -1.1175148e-02   2.5117932e-02   9.3998062e-02   8.8848888e-02   1.5495102e-01  -1.5959456e-16  -3.8554229e-16  -1.7000290e-16   3.5041414e-16  -4.4239785e-15   1.8343926e-01   1.8129553e-01  -1.1124460e-01   9.1835923e-02   4.6676335e-02  -2.5269131e-01   3.8768288e-01   3.3789205e-02   6.7415347e-16   3.1670693e-01   1.2449492e-16   2.7712173e-02
  -1.9984019e-01  -1.4816115e-02  -1.9751863e-01  -2.0564474e-02  -2.3280469e-01   1.3595710e-01   3.8954884e-01  -1.7378249e-01  -2.4930308e-01  -1.7343844e-01  -1.1827806e-02   2.1826765e-01  -8.0257467e-02  -1.6653345e-16  -4.5102810e-17  -1.2576745e-16  -4.4929338e-16   3.7088388e-15  -1.9669143e-01   1.7366814e-01  -2.2729297e-01  -2.1399070e-01   1.5183320e-01  -2.7848472e-02  -3.4064158e-02  -3.9113261e-01  -2.0586529e-14  -6.8902048e-02  -8.4214251e-16  -2.9908505e-01
  -1.1990412e-01   7.4903236e-02  -2.2922936e-01  -2.4128515e-02  -1.8483155e-01  -1.0210144e-01   2.0154273e-01   2.0617036e-01   2.7569024e-01   2.6947066e-02  -4.4485425e-02  -5.4575971e-02   9.4658297e-02  -6.2450045e-16   6.5052130e-17  -1.1666015e-16   1.6913554e-16  -2.2581763e-15   1.0551969e-01   3.7184150e-02  -8.1364784e-02   3.0782821e-01   1.3368897e-01   4.1531388e-01  -1.4150938e-01  -1.6068455e-02  -3.8045382e-16   4.5779329e-02   1.9120279e-16   1.3294927e-02
  -5.9952058e-02   1.2508328e-01   1.0965131e-01   1.2651961e-02  -9.5803895e-03  -4.6529528e-03  -4.0579915e-02   2.5081991e-01  -1.8840658e-01  -8.8088660e-02   2.3242291e-02   1.8391389e-02   6.7711846e-02   4.2440013e-02  -1.1790526e-01  -6.7828745e-02  -3.1810645e-02  -4.7264709e-02   5.4454433e-02   3.2968062e-02  -4.2499109e-02   4.6440726e-02   6.0935449e-03  -6.6498752e-02  -6.3306878e-02   9.1206744e-06   6.1666196e-16  -1.2251533e-02  -3.5355339e-01  -6.0714414e-04
  -7.9936077e-02   1.8646845e-01   2.1386352e-01   3.7444743e-02  -6.4512181e-02   6.9155693e-03   3.2815577e-02  -1.0951689e-01   6.9360014e-02   2.3046600e-02  -3.2631397e-03  -7.2127530e-04  -1.7432768e-04  -5.6586684e-02   1.5720701e-01   9.0438327e-02   4.2414194e-02   6.3019611e-02  -1.4404943e-03  -2.8734836e-03   1.5053167e-02  -4.0250855e-02  -9.8561309e-03   1.4483663e-01   2.4747314e-01  -7.6078479e-04  -2.5563147e-16  -6.9951477e-02  -3.5355339e-01  -1.8272030e-03
  -7.9936077e-02   1.8646845e-01   2.1386352e-01   3.7444743e-02  -6.4512181e-02   6.9155693e-03   3.2815577e-02  -1.0951689e-01   6.9360014e-02   2.3046600e-02  -3.2631397e-03  -7.2127530e-04  -1.7432768e-04   5.6586684e-02  -1.5720701e-01  -9.0438327e-02  -4.2414194e-02  -6.3019611e-02  -1.4404943e-03  -2.8734836e-03   1.5053167e-02  -4.0250855e-02  -9.8561309e-03   1.4483663e-01   2.4747314e-01  -7.6078479e-04  -1.0676338e-15  -6.9951477e-02   3.5355339e-01  -1.8272030e-03
  -7.9936077e-02   4.7734593e-02  -1.4548159e-01  -1.5330963e-02  -1.1824541e-01  -3.8530672e-02   7.7174156e-02   1.0978453e-02   6.3125375e-02  -2.8624735e-02  -5.7393016e-03   1.8983661e-01   1.6402717e-01   3.1530268e-01  -9.1519864e-02   5.4041221e-02   1.0341474e-01   8.0792981e-02   4.8122375e-02  -2.0321464e-01   1.0707302e-01  -5.5385917e-02  -1.0352095e-01  -1.2523966e-01  -7.9893455e-03   7.6161181e-02   4.5336767e-15  -1.1669832e-01  -1.6531957e-16   3.8541052e-02
  -9.9920096e-02  -3.6090912e-02  -3.1487980e-02   9.3759320e-02   1.2414534e-03   1.5943066e-01  -2.4532292e-02  -7.3374762e-02  -5.9524158e-02  -2.2733662e-01  -3.7485579e-01  -1.1571764e-01  -7.3265301e-02  -6.7654216e-16   4.2457357e-16   7.6327833e-17  -5.5164207e-16   1.9151347e-15  -1.9391274e-01  -1.6308716e-01  -1.8021767e-01   2.4880349e-01  -4.2424475e-02  -9.1069845e-02   1.2421821e-01   9.0779915e-02   4.4839766e-15   1.8668615e-02  -2.9403992e-16   5.4352614e-02
  -3.9968038e-02  -2.3477887e-02  -1.7798040e-02   2.3987467e-02  -3.4402399e-02   3.6729923e-02   1.2919822e-01  -7.5654322e-02  -1.4283481e-01  -1.4270745e-02   8.1438198e-02  -2.5315673e-02  -1.1892659e-01  -1.5320204e-01   5.9569931e-02   2.7563997e-02  -1.1035649e-01   2.3936619e-01   5.9154181e-02   4.1024286e-02   9.6473674e-02   4.5833444e-02  -3.1234969e-02   1.5360156e-02   3.2535678e-03   1.1059344e-01   5.9206442e-15   2.9228070e-02   1.2004937e-16   6.3744140e-02
  -5.9952058e-02   1.2508328e-01   1.0965131e-01   1.2651961e-02  -9.5803895e-03  -4.6529528e-03  -4.0579915e-02   2.5081991e-01  -1.8840658e-01  -8.8088660e-02   2.3242291e-02   1.8391389e-02   6.7711846e-02  -4.2440013e-02   1.1790526e-01   6.7828745e-02   3.1810645e-02   4.7264709e-02   5.4454433e-02   3.2968062e-02  -4.2499109e-02   4.6440726e-02   6.0935449e-03  -6.6498752e-02  -6.3306878e-02   9.1206744e-06  -1.2026305e-16  -1.2251533e-02   3.5355339e-01  -6.0714414e-04
  -3.9968038e-02   5.5706213e-02  -5.3062194e-02  -5.0703819e-02   3.3764432e-01   1.7428651e-02   4.9763614e-02  -5.7547360e-02   1.4145372e-02  -1.3015278e-02   8.7936464e-03   1.0335286e-02   4.3844597e-02  -1.4333153e-16  -4.7813316e-17  -8.9663520e-17   9.0530881e-17  -1.1958614e-15   3.8193204e-02   2.3283979e-02  -2.8146468e-02   2.5264462e-02   2.1972062e-03  -1.4752480e-02   1.3232084e-02  -1.8316681e-04  -5.0000000e-01  -2.6954541e-02  -7.2815931e-16  -9.2696914e-04
  -3.9968038e-02   3.8069759e-02  -6.9360146e-02  -1.5990348e-02  -3.0773989e-02  -4.9131690e-02   7.5811673e-02   1.7149549e-01   1.6403335e-01   3.5290431e-02  -5.8530135e-02  -1.3651351e-01  -1.9871815e-01   8.0144225e-16   8.2399365e-17   2.4546337e-16  -4.6837534e-17   2.9316827e-15   5.7005148e-02   6.1742045e-02  -3.0150420e-02  -8.8245197e-02  -5.1696488e-02  -1.9979800e-01   8.0920282e-02   5.0207339e-03  -1.6247809e-16  -6.5294269e-02  -5.9961039e-16  -5.3057102e-03
  -9.9920096e-02   2.5956880e-02  -1.3570377e-01   1.2003189e-02  -1.0968301e-01  -3.6969493e-02   8.9856106e-02  -1.6309954e-03   1.6411140e-02   3.3276960e-02   8.2440819e-02  -6.0192716e-02   3.6185519e-01  -3.9412835e-01   1.1439983e-01  -6.7551526e-02  -1.2926843e-01  -1.0099123e-01  -1.3776845e-01  -3.9520134e-02   1.1466071e-01  -7.2362040e-02  -9.6126383e-02  -1.1660739e-01  -1.2370446e-02   1.0806059e-01   6.3094545e-15  -9.9985838e-02  -9.0887226e-17   5.3406263e-02
  -3.9968038e-02  -4.5862279e-02   2.3811312e-02   6.5753900e-02   2.6311646e-02   5.5822881e-02  -1.1047020e-02   4.1699443e-02   5.0194918e-02   1.8620067e-02   7.1045348e-02   1.5140064e-02   6.1197819e-03  -4.6011950e-02  -3.5948696e-01   1.9793035e-01  -5.4799349e-02  -2.3869783e-01   5.1042436e-04  -1.2600519e-02  -3.8508279e-02  -2.0656410e-02  -9.4772072e-03   5.8560698e-03   7.3438036e-03  -1.9556281e-02  -1.1423872e-15   4.6679397e-02   1.0669659e-17  -3.6459731e-03
  -3.9968038e-02  -4.5862279e-02   2.3811312e-02   6.5753900e-02   2.6311646e-02   5.5822881e-02  -1.1047020e-02   4.1699443e-02   5.0194918e-02   1.8620067e-02   7.1045348e-02   1.5140064e-02   6.1197819e-03  -1.9718474e-01   9.1354042e-03  -3.7263379e-02  -2.2587929e-02  -9.1091015e-02   5.1042436e-04  -1.2600519e-02  -3.8508279e-02  -2.0656410e-02  -9.4772072e-03   5.8560698e-03   7.3438036e-03  -1.9556281e-02  -1.0834379e-15   4.6679397e-02   4.7407426e-17  -3.6459731e-03
  -3.9968038e-02   1.0698784e-01   1.4928895e-01   3.0468990e-02  -5.9529570e-02   8.9444349e-03   4.9076628e-02  -1.9865287e-01   1.3371124e-01   5.0609187e-02  -9.3000497e-03  -3.7128820e-03  -3.4401219e-03  -2.6598190e-16   9.6168733e-17  -1.2349740e-16   2.0681156e-17  -1.2751573e-16   8.9730889e-03   1.0148404e-02  -2.9433722e-02   5.9071230e-02   1.2538026e-02  -1.7495458e-01  -2.7732599e-01   7.6533154e-04   8.6572546e-16   6.3531065e-02  -8.1167966e-18   1.4930825e-03
  -3.9968038e-02   3.5109314e-02  -6.4567337e-02  -5.4397775e-03  -1.8428600e-02  -2.9680884e-02  -1.3981307e-01  -5.0634267e-02  -1.7911269e-02   2.7822899e-02   4.3264237e-02   5.8769187e-02  -1.4186956e-01  -2.6331721e-02  -2.4971894e-02  -1.3451776e-01  -3.4583922e-01   8.5182695e-02   2.2177522e-02  -3.6769475e-02  -3.4844300e-02   3.2391720e-02  -8.2026437e-03   3.5257797e-02  -6.8483932e-02  -7.9210157e-03  -8.3389088e-17  -1.1535473e-01  -1.1819969e-16  -6.7166008e-03
  -3.9968038e-02  -4.5862279e-02   2.3811312e-02   6.5753900e-02   2.6311646e-02   5.5822881e-02  -1.1047020e-02   4.1699443e-02   5.0194918e-02   1.8620067e-02   7.1045348e-02   1.5140064e-02   6.1197819e-03   8.1474384e-02   9.1460027e-03   3.5157464e-01  -1.5058211e-01   3.5032526e-01   5.1042436e-04  -1.2600519e-02  -3.8508279e-02  -2.0656410e-02  -9.4772072e-03   5.8560698e-03   7.3438036e-03  -1.9556281e-02  -1.1437633e-15   4.6679397e-02  -4.8166831e-17  -3.6459731e-03
  -5.9952058e-02   1.3331600e-02  -5.4789520e-02   2.1894375e-02  -9.8662046e-03  -2.8119705e-02  -1.2713112e-01  -6.3243715e-02  -6.4625504e-02   8.9724594e-02   1.3144436e-01  -1.9126014e-01   5.5958460e-02   2.7942276e-01  -2.2857313e-02   9.4535975e-02   7.8598918e-02  -6.9291902e-02  -1.6371330e-01   1.2692503e-01  -2.7256615e-02   1.5415597e-02  -8.0808047e-04   4.3890072e-02  -7.2865032e-02   2.3978388e-02   1.5860189e-15  -9.8642253e-02  -3.3288697e-17   8.1486096e-03
  -3.9968038e-02  -4.5862279e-02   2.3811312e-02   6.5753900e-02   2.6311646e-02   5.5822881e-02  -1.1047020e-02   4.1699443e-02   5.0194918e-02   1.8620067e-02   7.1045348e-02   1.5140064e-02   6.1197819e-03   5.4516186e-02  -1.5716975e-01  -4.9876592e-01   4.0100369e-01   1.7852688e-01   5.1042436e-04  -1.2600519e-02  -3.8508279e-02  -2.0656410e-02  -9.4772072e-03   5.8560698e-03   7.3438036e-03  -1.9556281e-02  -1.1164402e-15   4.6679397e-02  -2.2499760e-17  -3.6459731e-03
  -3.9968038e-02   3.5109314e-02  -6.4567337e-02  -5.4397775e-03  -1.8428600e-02  -2.9680884e-02  -1.3981307e-01  -5.0634267e-02  -1.7911269e-02   2.7822899e-02   4.3264237e-02   5.8769187e-02  -1.4186956e-01  -1.5995012e-01   4.0210103e-02   7.1493773e-02   2.9343994e-01  -3.8988093e-02   2.2177522e-02  -3.6769475e-02  -3.4844300e-02   3.2391720e-02  -8.2026437e-03   3.5257797e-02  -6.8483932e-02  -7.9210157e-03   2.1828227e-17  -1.1535473e-01  -1.0853963e-16  -6.7166008e-03
  -3.9968038e-02  -4.5862279e-02   2.3811312e-02   6.5753900e-02   2.6311646e-02   5.5822881e-02  -1.1047020e-02   4.1699443e-02   5.0194918e-02   1.8620067e-02   7.1045348e-02   1.5140064e-02   6.1197819e-03   7.8575619e-02   4.6785358e-01  -4.9479057e-02  -1.7372620e-01  -1.1247220e-01   5.1042436e-04  -1.2600519e-02  -3.8508279e-02  -2.0656410e-02  -9.4772072e-03   5.8560698e-03   7.3438036e-03  -1.9556281e-02  -1.1365290e-15   4.6679397e-02   4.8120765e-17  -3.6459731e-03
  -9.9920096e-02  -1.2581012e-01   1.0548467e-01  -1.1535778e-01   1.9330042e-02  -2.3829827e-01  -1.6492811e-02  -2.0268624e-02   8.3925137e-02  -2.2004483e-01   7.6426605e-02   8.1893988e-02  -1.1543077e-01   7.1576248e-02   7.6304308e-02   9.0008432e-02   1.7297714e-03  -2.1647773e-01   7.9559232e-02  -8.5578225e-02   4.3436875e-02   2.0590455e-02   9.3066607e-02  -1.1090403e-02   1.7883062e-02   1.2375698e-01   6.1198368e-15   3.9100001e-02  -1.9962467e-15  -3.2310086e-01
  -5.9952058e-02  -6.7421090e-02   7.2566469e-02  -2.8446039e-01  -4.4418259e-02   4.4520046e-02  -4.1967057e-02  -6.4665879e-03   3.1851756e-02  -2.9046909e-02   1.9790594e-02  -6.9841621e-02   7.1485859e-02  -4.2945749e-02  -4.5782585e-02  -5.4005059e-02  -1.0378628e-03   1.2988664e-01  -3.8161204e-02   6.1907617e-02  -2.1842855e-02   2.2163867e-02  -2.6330697e-01   4.2088768e-02  -1.9063275e-02   8.8992958e-02   4.9718686e-15   1.4008323e-02  -1.5605970e-15  -2.5064617e-01
  -5.9952058e-02  -7.2091531e-02   8.1846533e-02  -2.6452369e-01  -2.4406258e-02  -4.9550912e-03  -7.5922918e-02   2.7181922e-02   7.5855378e-02   3.9469732e-03  -5.1472811e-02   2.4176840e-02   6.9589178e-02  -9.3428657e-02   6.7568740e-02   4.7675527e-02  -8.2248438e-02   1.1458132e-01   5.5560056e-03  -4.8414829e-02  -2.0292980e-01  -1.2757712e-01   3.0826615e-02   2.8741432e-02  -2.9757413e-02  -6.0512620e-02  -3.2358593e-15  -1.4466090e-02   1.5824416e-15   2.5587157e-01
  -3.9968038e-02  -5.1733204e-02   3.7507148e-02   5.8017379e-02   4.1783030e-02  -2.5713881e-01   2.4988436e-02  -1.8403051e-02  -7.4631831e-02   9.2037397e-02  -1.0243185e-01  -1.8201255e-02   4.5077682e-02  -2.8630499e-02  -3.0521723e-02  -3.6003373e-02  -6.9190856e-04   8.6591092e-02  -2.3364677e-02   5.2594258e-03  -8.6054099e-02  -9.1698228e-02   2.2812552e-01   6.8737554e-03  -1.0761785e-02   1.3518893e-01   6.8744998e-15   3.3448956e-03  -6.0071131e-16  -4.0221698e-02
  -7.9936077e-02  -7.8140676e-02   4.5426049e-02  -1.6787074e-01  -5.4592637e-02  -4.8166377e-02   7.7490084e-02  -9.8180276e-02  -3.7183376e-02  -2.5007746e-01   2.0616802e-01  -9.6371360e-02  -8.9623482e-02   1.2457154e-01  -9.0091654e-02  -6.3567370e-02   1.0966458e-01  -1.5277510e-01   1.9394052e-02   1.6159214e-02   9.0973665e-02   1.2061424e-02   1.4471147e-01  -1.3175132e-02   9.4793725e-03   1.1115893e-03  -4.3804226e-18   6.5418440e-03   1.8306397e-15   3.0589389e-01
  -5.9952058e-02  -4.0906630e-02   8.2440445e-04  -4.8678018e-02  -3.8618419e-02   1.1667113e-01   1.0498344e-01  -2.5946447e-02  -1.7263087e-01   2.2548294e-01  -9.4764434e-02   6.9916854e-02  -7.8640512e-02   1.3637441e-01  -2.1786156e-02   6.3295320e-03   8.3286301e-02  -2.4446796e-01   1.0447032e-01   1.7474528e-02  -1.0095612e-01  -4.7971659e-02  -1.7635479e-01   7.2636876e-02  -3.2729650e-02   1.5956267e-01   8.7167200e-15   3.7448206e-02   1.6230990e-16   7.7465953e-02
  -7.9936077e-02  -1.0441848e-01   7.9447173e-02   7.5416057e-02   7.2002388e-02  -4.0003817e-01   1.6457709e-02  -6.3880009e-03  -2.8963383e-02   2.7446616e-02  -1.3376132e-01   9.0071197e-02  -1.5481202e-02  -2.1250363e-16   8.5001450e-17   1.4224733e-16  -2.6888214e-16   6.5225603e-16  -5.2182250e-02   8.9720637e-02   9.5781660e-02   1.0183057e-01  -3.4703282e-01   2.9115918e-03   1.1387667e-02  -2.0535180e-01  -9.9150941e-15   2.9437006e-02   1.1984343e-15   1.3482841e-01
  -7.9936077e-02  -4.2780257e-02  -3.3526436e-02   1.0027696e-01  -1.7736752e-02   1.1373670e-01  -1.4087630e-01  -1.0901056e-01  -4.9240487e-04  -1.6881063e-01  -2.9676216e-01  -1.2149361e-01   1.0730289e-01  -1.6306401e-16  -1.8431437e-16  -2.2594773e-16   4.1611679e-16  -3.9777209e-15   2.2974909e-01   7.5505745e-02   1.5078228e-01  -1.9666201e-01  -1.0847908e-03   1.1768944e-01  -1.4488159e-01  -6.3638849e-02  -3.2099931e-15  -2.4022297e-02   1.8754739e-16  -2.6443640e-02
  -1.1990412e-01  -9.1129345e-02   8.0032610e-02  -2.6790587e-01  -1.3706700e-02   1.8542445e-01  -4.8574364e-02   8.2211523e-02  -4.6368320e-02   3.2753977e-01  -1.8547443e-01   5.5500447e-02   6.1244728e-03  -3.9031278e-16  -3.2526065e-18   4.3910188e-17  -9.1940344e-17   0.0000000e+00  -2.1824469e-02   2.0004085e-02   3.0291211e-01   1.9175505e-01   3.4223569e-01  -1.4225007e-01   9.6329375e-02  -1.4603493e-01  -8.2195384e-15  -2.7152574e-02  -4.5977339e-16  -5.0377402e-02
  -2.3980823e-01  -2.5186105e-01   1.2062190e-01   2.8329477e-01   1.1540916e-01   2.5172114e-01  -9.5199676e-02   1.7964222e-01   3.0161804e-01  -1.1825849e-01  -3.6072812e-02   3.0907548e-01  -5.8288722e-02  -4.9656459e-16  -2.6020852e-16  -7.6327833e-17  -2.9186722e-16   2.0391674e-15  -1.7954348e-01   2.9950378e-01   1.4144801e-01   1.5046379e-02   7.9577302e-02   1.3789738e-02  -6.2776635e-02   3.0689995e-01   1.6094952e-14  -1.9797214e-01   4.8914152e-16   1.3592159e-01
  -3.3972833e-01  -3.2262807e-01   1.1906109e-01   2.8553367e-01   7.8872057e-02   1.0259981e-02   7.2079256e-02  -5.9088265e-02  -2.0597259e-01   2.3960670e-01   2.6299047e-01  -4.1285713e-01   8.5211701e-02   4.2500725e-16  -1.0191500e-16  -1.8735014e-16   7.7238563e-16  -3.4278136e-15   2.5365676e-01  -3.9397080e-01  -3.2984575e-02   9.8323319e-02  -4.9409306e-02  -6.0743153e-02   3.3230710e-02  -2.6953409e-01  -1.3565848e-14  -1.5641217e-01  -2.5127733e-16  -1.5462973e-01
  -3.9968038e-02   5.5706213e-02  -5.3062194e-02  -5.0703819e-02   3.3764432e-01   1.7428651e-02   4.9763614e-02  -5.7547360e-02   1.4145372e-02  -1.3015278e-02   8.7936464e-03   1.0335286e-02   4.3844597e-02  -8.2833046e-17  -1.0221316e-16  -5.4535369e-17   1.6019087e-16  -1.0427924e-15   3.8193204e-02   2.3283979e-02  -2.8146468e-02   2.5264462e-02   2.1972062e-03  -1.4752480e-02   1.3232084e-02  -1.8316681e-04   5.0000000e-01  -2.6954541e-02   7.2076288e-16  -9.2696914e-04
