   7.0956807e-02   3.2676578e-02   1.4104325e-02   9.2540354e-15   3.3760414e-02   4.3243682e-03   7.0297078e-16  -1.5555505e-02   1.2855481e-02  -4.1959839e-04  -1.0378027e-02   1.1495519e-15  -6.0322127e-03   2.1697243e-16   3.1843256e-17  -1.9643915e-17   2.9744194e-17  -2.4603992e-02   1.5057194e-03  -4.0781859e-03   1.8725026e-02   5.6193730e-03  -2.2449363e-18  -1.5836527e-17  -3.6644758e-16  -2.5268288e-17   1.0734877e-16  -1.9043756e-02   3.9070922e-04  -1.5547811e-03
   3.4644967e-02   9.9124522e-02  -5.7923837e-03  -1.2610994e-14  -4.7530461e-02   2.1445661e-02   4.4091319e-15  -1.0037126e-01  -2.3247719e-02  -4.5018821e-04  -1.3274279e-02   2.5424311e-15  -7.3065171e-03   2.1395806e-15   7.3451625e-18   5.1997317e-17  -9.1650000e-18   3.5676595e-02  -1.5209141e-04  -2.6200479e-04  -3.1502567e-02  -1.5532758e-02   2.7839902e-17   4.6837534e-17   4.0341958e-16   2.6309973e-17  -1.7501432e-16   1.9105116e-02   8.9500804e-04  -1.6859569e-05
  -6.7189948e-03   5.5494732e-02   9.3413535e-03  -1.4523492e-14  -5.2933053e-02  -3.3514366e-02  -3.3525806e-15   8.6789226e-02  -8.0471100e-02  -2.1379512e-03   1.0372675e-02  -5.3784759e-16   3.4229211e-04   2.3130699e-17   7.1578438e-17   1.2592427e-16   4.1552424e-17   7.5413070e-03   2.0387231e-02  -2.9235977e-02  -3.3115055e-03  -3.2791347e-02   9.9052710e-17  -1.0018028e-17   1.0732734e-15   8.2746310e-17   2.8341045e-16   7.0829080e-03  -4.6560129e-03  -9.7700666e-03
   4.3458105e-02   1.1152899e-01   1.3978826e-02  -1.8555443e-14  -6.8136145e-02   4.0729669e-02  -4.7607461e-15   9.4838473e-02   1.0951317e-01  -3.3100007e-04   3.0770104e-02  -6.1239065e-15   3.2264284e-02  -3.2406568e-15  -1.7626102e-17  -4.5599961e-17  -5.6454896e-17  -1.2322499e-03   5.0998463e-03   3.0744048e-02  -1.2722787e-02   1.3227180e-02  -3.4513769e-18   7.5171351e-18   4.2789846e-17  -1.2721305e-17   1.4166908e-17   4.0998585e-03  -1.2967197e-04   1.3171835e-03
   1.4384512e-01  -1.1268926e-01  -1.2540361e-02  -3.2753685e-15  -1.2165415e-02   1.1242815e-03  -5.4601066e-03  -8.6657070e-03   1.7530294e-02  -1.1963070e-04  -2.9803066e-02   3.9151165e-16  -1.7813183e-03   8.7112409e-16   2.0477406e-16   4.0878421e-17   1.3353710e-16  -1.9635951e-01   4.5537671e-04  -1.4821948e-01   5.8851811e-03  -1.4264907e-02   3.0184188e-16  -1.5973912e-17   7.3899220e-16   3.1514143e-17  -6.8348105e-16   3.4624223e-02   1.3536659e-04   2.6061733e-03
   1.5845301e-01  -1.5479560e-01  -2.3194329e-02  -1.0580142e-14  -3.8042927e-02  -3.6641232e-03   3.5820312e-02   1.3115894e-02  -1.2564755e-02  -1.0981556e-04   1.4136524e-02  -5.4725809e-16  -1.6616217e-03  -5.0612283e-16  -2.6746014e-17   1.6671984e-17  -4.3903573e-17   6.9061690e-02   4.2994884e-04   4.4865595e-02   5.6808039e-03   1.8390781e-03  -3.1398495e-16   7.8198082e-18  -1.1514227e-16  -5.8546917e-17   3.8163916e-16  -2.8124055e-03   1.4164859e-04  -1.7943918e-04
   1.5845301e-01  -1.5479560e-01  -2.3194329e-02  -1.0582529e-14  -3.8042927e-02  -3.6641232e-03  -3.5820312e-02   1.3115894e-02  -1.2564755e-02  -1.0981556e-04   1.4136524e-02  -5.0482549e-16  -1.6616217e-03  -6.3711555e-16  -2.3954473e-16   2.8074709e-17  -1.3698067e-16   6.9061690e-02   4.2994884e-04   4.4865595e-02   5.6808039e-03   1.8390781e-03   2.4633073e-16  -1.0161007e-17  -8.3266727e-17  -3.2526065e-17  -2.8319361e-16  -2.8124055e-03   1.4164859e-04  -1.7943918e-04
   4.0996193e-02   1.0793524e-01   1.3438763e-02  -1.8591961e-14  -6.8399376e-02   2.3607758e-02  -2.5161363e-15   5.4302358e-02   2.1382582e-02  -4.5880555e-04   2.2738160e-02  -3.2098236e-15   3.8525715e-03  -1.4020764e-15  -1.4904814e-16  -5.1129331e-17   2.5574730e-17   2.6503338e-02   3.9219012e-03  -3.6301895e-03  -5.1259838e-03  -1.1445827e-01   3.0270925e-16  -1.3509159e-16   5.7983132e-15   1.5178830e-16  -6.5388233e-15   1.1711738e-01  -5.3625043e-04  -2.1052418e-01
  -2.5247330e-02   1.9181186e-02  -5.5650526e-02  -1.2923923e-16  -2.2256782e-03  -7.8953602e-02   1.3497882e-15  -2.3270924e-02  -7.6207235e-02  -1.2555916e-03   1.6091724e-01  -2.5955595e-14  -6.3255711e-04  -2.1941539e-14   5.9820188e-17  -5.2869803e-17   1.4393128e-16  -9.3516686e-02   2.9276681e-04   6.0681282e-02   4.9704233e-04   2.5775616e-02   6.9388939e-18   1.1102230e-17   4.0818043e-16  -3.5041414e-17   8.6736174e-17  -1.7600886e-02  -2.3652540e-03   3.7197997e-04
  -4.0643097e-02   2.6966942e-02  -3.0294667e-02  -1.2866998e-14  -4.7294375e-02  -5.1888934e-02  -6.2638596e-15   1.6806084e-01  -2.1319862e-01  -1.5162215e-03  -6.0072576e-02   1.3851693e-14   7.0709577e-04   1.3422062e-14   7.3937753e-19   1.1474551e-16  -1.3869220e-17   5.2127759e-02  -2.2058342e-03  -1.4979226e-01  -8.0019693e-04   5.0107349e-02  -1.4571677e-16  -1.5265567e-16  -2.7235159e-15  -3.4174052e-16   8.8470897e-16  -2.5773199e-01   8.0799203e-03  -1.7972030e-02
   1.4384512e-01  -1.1268926e-01  -1.2540361e-02  -3.2614045e-15  -1.2165415e-02   1.1242815e-03   5.4601066e-03  -8.6657070e-03   1.7530294e-02  -1.1963070e-04  -2.9803066e-02   3.2105465e-16  -1.7813183e-03   1.0194885e-15   3.9292353e-16   1.5921603e-17   2.2383419e-16  -1.9635951e-01   4.5537671e-04  -1.4821948e-01   5.8851811e-03  -1.4264907e-02  -2.0990154e-16   1.6263033e-17   7.4477461e-16   7.4882230e-17   7.1485063e-17   3.4624223e-02   1.3536659e-04   2.6061733e-03
   9.4719874e-02   7.3869796e-02   5.7509730e-02   6.8504439e-02   3.7682396e-01  -2.7007104e-02  -2.6881472e-15   6.3749769e-02  -3.5589260e-02  -2.0917448e-04   2.3806292e-02  -2.2487732e-15  -3.1365392e-03  -3.6631851e-16  -7.4587163e-17   9.8840541e-19  -4.2642196e-17   5.0067886e-02   8.0597017e-04   7.8570875e-03   1.0512244e-02  -8.4629775e-03  -1.0408341e-17   6.9388939e-18   3.8337389e-16   4.1633363e-17  -1.3877788e-16   2.6117224e-02   2.4960046e-04   2.0733639e-03
   6.5486141e-02   1.0516176e-01   2.3763970e-02  -1.0187829e-14  -3.7533771e-02   6.3630146e-02  -6.9571864e-15   1.3127355e-01   2.5306200e-01  -2.7305845e-04   5.2982364e-02  -1.3377339e-14  -8.1902693e-03  -1.1308301e-14   1.5831064e-17  -5.6925422e-17  -2.1969617e-16  -7.3285591e-02   9.1781597e-04   8.9143678e-02   6.3589243e-03   1.3808830e-01  -2.4980018e-16   4.1633363e-17  -5.2848351e-15  -3.6689402e-16   9.2460761e-16  -2.4101138e-01   1.1918815e-04  -4.6850728e-03
   1.8540922e-02   8.1690267e-02  -4.1958501e-03  -1.4160160e-14  -5.2396611e-02   1.8622547e-02  -2.3306657e-15   5.0558684e-02   7.6683804e-03  -9.0650448e-04  -1.3792927e-02   2.7761544e-15   3.0996403e-03   3.2162072e-15  -5.0552662e-17  -2.4712321e-17   7.2554398e-17   3.1196982e-02   2.4079827e-03  -1.3282081e-02  -4.1382831e-03   2.6755519e-02  -1.4085955e-16   1.2663481e-16  -1.4151874e-15   1.2247148e-16   5.1045106e-15   1.2653443e-01   2.6186277e-03   2.2839761e-01
  -7.8985629e-02  -3.5415223e-02  -9.7479586e-02   8.3758218e-15   2.8014220e-02  -6.2171061e-02  -1.8158498e-16  -4.3097462e-03   9.5375860e-02  -1.8242663e-03  -4.1960295e-02   5.7486923e-15   2.6928736e-04   2.5448864e-03  -3.3683778e-04   1.0239775e-03   1.5647660e-03   4.4275312e-02  -4.1931332e-03  -3.9351244e-02  -1.7978748e-04  -2.5773467e-02   2.1841338e-01  -7.7951585e-02   9.9857379e-02  -3.6910373e-01   5.3498872e-15   1.7576152e-03  -1.7392642e-03  -4.6534801e-03
  -7.8985629e-02  -3.5415223e-02  -9.7479586e-02   8.2611760e-15   2.8014220e-02  -6.2171061e-02  -2.3724318e-17  -4.3097462e-03   9.5375860e-02  -1.8242663e-03  -4.1960295e-02   6.3327917e-15   2.6928736e-04   2.5520353e-04   1.9800134e-03   1.0034776e-03  -2.2570733e-03   4.4275312e-02  -4.1931332e-03  -3.9351244e-02  -1.7978748e-04  -2.5773467e-02   2.9998158e-01   1.8513608e-01  -1.4278838e-01   2.3523833e-01  -7.2580830e-15   1.7576152e-03  -1.7392642e-03  -4.6534801e-03
   1.7880528e-01  -2.0772940e-01  -3.5500654e-02  -1.8367355e-14  -6.5587462e-02  -7.9530786e-03  -1.5820678e-15   3.1220933e-02  -3.4629165e-02  -8.1578722e-05   4.3363964e-02  -1.3482990e-15  -1.2653683e-03  -1.5209069e-15  -3.5281724e-16   2.4276532e-17  -2.0428873e-16   2.3139272e-01   3.3297389e-04   1.5759792e-01   4.5207904e-03   8.6873343e-03  -1.3877788e-16   7.3725748e-18  -3.2612801e-16   3.8163916e-17   2.8796410e-16  -1.5759889e-02   1.2100878e-04  -1.0692074e-03
   6.0932207e-02   9.6441047e-02   6.9114857e-03  -3.8456018e-15  -1.5466029e-02   3.8023403e-02   8.7269278e-15  -2.0014998e-01  -2.4491557e-02  -2.5107341e-04  -6.6546771e-02  -5.5222500e-03  -2.0791194e-03   8.5071463e-15  -4.2192294e-17   1.2000206e-17  -9.4174351e-17   4.1272381e-02   7.1896610e-04  -1.6793878e-02   1.2482067e-03  -1.3204915e-01   6.9388939e-17  -5.5511151e-17  -1.7728440e-14  -1.3465791e-16   3.5351026e-01  -1.4214845e-01   3.6820717e-04   5.2013786e-02
  -7.8985629e-02  -3.5415223e-02  -9.7479586e-02   8.3690749e-15   2.8014220e-02  -6.2171061e-02  -1.7986659e-16  -4.3097462e-03   9.5375860e-02  -1.8242663e-03  -4.1960295e-02   5.8505513e-15   2.6928736e-04  -1.8412095e-03  -2.0011183e-03   1.6365474e-03  -1.1880575e-04   4.4275312e-02  -4.1931332e-03  -3.9351244e-02  -1.7978748e-04  -2.5773467e-02  -5.3599541e-02  -3.8578577e-01   7.6632191e-02   2.0594623e-01   4.4408921e-15   1.7576152e-03  -1.7392642e-03  -4.6534801e-03
   1.6374708e-02   5.5462942e-02  -2.1154850e-02  -9.9022405e-16  -4.9107586e-03   2.4694481e-02   5.7104979e-15  -1.2610796e-01  -3.4771799e-02  -1.0614193e-03  -1.0812617e-01   1.8557720e-14  -2.4144514e-03   1.3712738e-14   6.0020049e-17   9.8813244e-17   1.9102777e-16   4.5554289e-02  -1.0650227e-03  -3.1891673e-02  -3.5737370e-03   3.0128112e-01  -5.6436337e-16   2.6020852e-16  -7.8037981e-15  -4.0263655e-16  -6.5248732e-15   7.4167516e-02   5.4164147e-03  -1.2277344e-01
  -7.8985629e-02  -3.5415223e-02  -9.7479586e-02   8.2272719e-15   2.8014220e-02  -6.2171061e-02  -6.7088890e-17  -4.3097462e-03   9.5375860e-02  -1.8242663e-03  -4.1960295e-02   6.8425993e-15   2.6928736e-04  -1.5323665e-03   1.6800064e-03  -1.0696302e-03   1.9422286e-03   4.4275312e-02  -4.1931332e-03  -3.9351244e-02  -1.7978748e-04  -2.5773467e-02  -2.5889048e-01   3.4430283e-02  -3.4333719e-01  -1.1789725e-01  -1.8589297e-14   1.7576152e-03  -1.7392642e-03  -4.6534801e-03
   6.0932207e-02   9.6441047e-02   6.9114857e-03  -3.9137941e-15  -1.5466029e-02   3.8023403e-02   9.1618858e-15  -2.0014998e-01  -2.4491557e-02  -2.5107341e-04  -6.6546771e-02   5.5222500e-03  -2.0791194e-03   8.5376118e-15  -5.5236192e-17   1.3531971e-17  -7.0161183e-17   4.1272381e-02   7.1896610e-04  -1.6793878e-02   1.2482067e-03  -1.3204915e-01   4.4408921e-16  -1.9081958e-16   2.1005983e-14   4.0050428e-16  -3.5351026e-01  -1.4214845e-01   3.6820717e-04   5.2013786e-02
  -7.8985629e-02  -3.5415223e-02  -9.7479586e-02   8.4027602e-15   2.8014220e-02  -6.2171061e-02  -3.0480018e-16  -4.3097462e-03   9.5375860e-02  -1.8242663e-03  -4.1960295e-02   5.3130952e-15   2.6928736e-04   5.7348605e-04  -1.3220637e-03  -2.5943724e-03  -1.1311155e-03   4.4275312e-02  -4.1931332e-03  -3.9351244e-02  -1.7978748e-04  -2.5773467e-02  -2.0590494e-01   2.4417099e-01   3.0963600e-01   4.5816409e-02   1.6611712e-14   1.7576152e-03  -1.7392642e-03  -4.6534801e-03
  -8.5480494e-02  -6.1087140e-02   7.0390589e-02   2.1751774e-15   1.0478697e-02   1.0167570e-01   7.1949772e-16  -1.3316101e-02   9.9131123e-03   7.3519250e-03   7.8745190e-02  -1.1532753e-14   6.3531944e-05  -4.9043508e-15  -9.9969773e-17  -1.7399699e-17   3.7114226e-16   3.3780460e-02  -1.3026839e-03  -6.2686912e-02  -2.6223637e-05  -1.4217023e-02   2.7235159e-17   1.1102230e-17   2.5008749e-16   4.6837534e-17  -6.3490879e-17   3.2723360e-03  -1.0024757e-03  -7.3724175e-03
  -7.6891079e-02  -6.8008752e-02   2.4746676e-01  -8.0835242e-15  -2.1862436e-02  -3.5206979e-02   1.6428664e-15  -4.3372385e-02   2.9936519e-02   8.3447378e-04   3.4199046e-02  -5.2440041e-15  -5.4006893e-05  -2.2252113e-15  -2.0431612e-17   4.3782448e-17  -3.0485887e-16   1.7044220e-02   3.7968056e-05  -1.6724341e-02   2.2097595e-04   2.3424036e-02  -3.4694470e-18   3.0068540e-17  -4.7704896e-16  -3.2381505e-17  -3.2381505e-16  -4.5834050e-03  -1.8456384e-03   8.0664728e-03
  -8.1696325e-02  -7.6248459e-02   2.3238134e-01  -4.4723188e-15  -8.9758812e-03  -2.3354510e-03   2.3979781e-15  -6.0234839e-02   5.4462144e-02   1.4909375e-03   2.7888067e-02  -4.7740770e-15  -5.9975719e-05  -3.5619303e-15   1.4667892e-18  -3.3733644e-17   3.8863983e-16  -3.0424278e-03  -1.5615681e-04   2.2953992e-02   2.2833284e-04  -2.1422496e-04  -6.9388939e-18  -6.9388939e-17   1.3648298e-16  -5.0505751e-18  -4.5334107e-16  -7.1328500e-03   2.9547382e-03  -9.7609321e-05
  -8.8481180e-02  -5.5708543e-02  -7.5238911e-02   1.2852019e-14   4.6025201e-02   3.1054218e-01  -1.4732151e-15   3.7058722e-02  -9.0121562e-02  -1.7962333e-02  -5.6829113e-02   8.6989108e-15   3.3642866e-04  -1.5883035e-15   1.4729623e-16   1.0893541e-17  -3.2241622e-16  -7.8766252e-02  -3.9333791e-03   1.1017146e-01  -1.9021608e-04  -9.4098443e-03   6.5919492e-17   8.3266727e-17   1.2507356e-15   1.7347235e-18  -6.9388939e-17  -1.6929245e-03   1.0741894e-02   1.9188556e-03
  -6.7758082e-02  -3.5048880e-02   1.2344557e-01  -8.2447814e-15  -2.6204681e-02   1.9199454e-02  -6.6950860e-16   2.3042493e-02  -3.9911990e-02   6.6300106e-04   9.1305252e-02  -1.2490852e-14   8.2366097e-05  -2.1351737e-15  -1.6817839e-16   9.4414869e-17  -4.0421840e-16   7.1841620e-02   1.2767103e-03  -1.3541460e-01  -2.8011777e-04   2.5461076e-02  -4.5536491e-17   1.2012960e-16  -6.6960326e-16   2.7321895e-17  -1.8388069e-16   6.8128484e-03  -2.5380619e-05   5.2566757e-03
  -4.7865038e-02  -1.9015641e-03   5.3481880e-02  -9.4201772e-15  -3.1771711e-02  -9.7079839e-02  -3.2445780e-15   8.4740651e-02  -1.0207798e-01  -1.3093712e-03  -1.8753891e-01   2.8268487e-14   7.3189584e-05   1.0652844e-14   1.5346802e-16  -1.4588194e-16   6.6661542e-21  -8.3877730e-02   2.4124898e-03   1.4733360e-01  -3.8032112e-04  -3.7818818e-02   1.6190752e-17   3.7007434e-17  -1.6017280e-16  -1.0408341e-17   2.0007144e-16   2.8846469e-02   3.6657949e-03  -7.5639046e-03
  -8.8706762e-02  -5.7682991e-02  -4.7081557e-02   1.0911587e-14   3.8975261e-02   2.3337364e-01  -1.2634660e-15   1.6339902e-02  -3.8352437e-02   4.9258489e-02   1.9671538e-03  -2.4406743e-16  -1.5381827e-04  -3.9601852e-15   4.9948764e-17   9.9775406e-17   9.5388788e-17  -3.8221963e-02  -4.9557736e-04   4.7915634e-02   8.6968333e-07  -3.5344460e-02   1.1579279e-16  -4.8572257e-17   1.3444107e-15   5.7245875e-17   5.7679556e-16   2.4371264e-03  -7.6097925e-03  -9.5000449e-03
  -3.5903542e-02   2.5614974e-02  -7.3098368e-02  -2.4436297e-15  -1.1616668e-02  -6.9388514e-02   4.6157677e-15  -1.0041829e-01  -6.2843232e-02  -1.2488201e-03   1.6948369e-01  -2.7059904e-14  -1.0180682e-03  -2.2733524e-14   1.3201108e-16   2.1538932e-17  -1.5348075e-16  -7.1203631e-02  -2.0745137e-03   8.5505259e-02  -4.5682515e-03   3.5676386e-02  -8.1532003e-17   6.4184769e-17   3.9324013e-16  -4.8246997e-18  -4.1459891e-16   9.4461164e-03  -2.1471631e-03   1.0759484e-02
  -5.3494751e-02  -3.8968752e-02   1.2482592e-01  -1.9271007e-15  -2.6960389e-03  -6.8348169e-02   4.9650274e-16  -1.5887082e-02   1.6749205e-02  -3.5987673e-04  -8.9529518e-02   1.2576821e-14  -3.2888598e-04   3.7296556e-15   7.0562480e-17  -4.0715611e-17   9.7337664e-18  -5.5097975e-02  -5.4814150e-04   1.0045776e-01   1.1577632e-03  -1.0528254e-02   5.4788350e-17  -6.7075974e-17  -9.4759270e-17   1.2974286e-17  -2.1973164e-17  -2.0180019e-03   5.1301568e-04  -1.0825866e-03
  -7.1618765e-02  -2.8963449e-02  -6.6228414e-02   5.6402534e-15   1.8939443e-02  -3.9824669e-02   3.4734808e-16  -1.1508099e-02   5.1541364e-02  -2.3707684e-03   1.7421410e-02  -3.3783209e-15   5.1088844e-04  -1.2798097e-15  -1.3821145e-17   4.6270118e-17   1.1991454e-16   4.6756069e-03  -9.0943007e-03  -1.8843410e-03  -2.1344292e-04  -3.7549120e-02   1.0563743e-16  -4.0476881e-17   6.3592071e-16   1.0896232e-17   1.6948248e-15   2.8725076e-03  -3.8419058e-02  -1.0328779e-02
  -6.4021178e-02  -1.9438217e-02  -4.4868168e-02   2.4021825e-15   7.8648476e-03  -1.1959800e-03  -3.1842116e-16   9.2246044e-03  -1.1742076e-02  -5.4213681e-03  -3.1618889e-02   5.2190154e-15   5.7503657e-04   3.8572174e-15  -2.2268049e-17  -1.3020960e-16  -8.4556945e-17   6.9550185e-03  -7.5314705e-03  -7.1307206e-03  -3.9825703e-04   3.6786044e-02  -1.1831835e-16   2.9490299e-17  -8.9322953e-16  -5.8585183e-17  -1.1821630e-15  -2.9690572e-03   2.8228798e-02   1.0739582e-02
